0.30900 0.97900 3.11234 1.12194 0.66850 0.53182
0.30260 0.93940 3.42001 3.96137 1.03311 1.16070
0.42820 0.75300 0.70613 0.37423 1.96292 0.62720
0.19060 0.62860 1.60882 0.39887 0.86634 0.86634
0.13820 0.68740 1.19914 0.27586 0.82188 0.91700
0.31140 0.70060 2.03073 0.34532 1.53368 1.55725
0.28780 0.78500 1.82260 0.77378 1.60993 0.98282
0.49260 0.74220 1.89474 0.44319 0.79719 1.19168
0.38900 0.77780 0.28678 0.25810 1.69937 1.03598
0.38660 0.65620 0.34820 0.99585 1.49589 1.82387
0.49780 0.97500 0.66067 2.37841 1.48968 0.71450
0.45700 0.87220 3.81055 0.70028 1.50212 1.78386
0.48380 0.72220 2.07628 2.30697 1.73508 1.61888
0.44980 0.61900 0.51763 0.40782 1.62338 1.35004
0.11900 0.91020 1.34723 0.94737 1.17040 1.72309
0.21820 0.78820 0.82473 0.27357 0.55210 1.10573
0.14020 0.98500 1.48452 1.38127 0.69882 1.22179
0.12740 0.66540 3.86375 1.01819 0.50733 1.98206
0.13500 0.67740 2.33918 2.83235 0.78949 0.53849
0.33900 0.94860 1.30677 2.79336 0.60921 0.94803
0.22060 0.65100 0.27282 2.24389 1.85189 0.61857
0.49420 0.85180 0.42869 1.33978 1.02740 0.93757
0.15660 0.84180 0.61132 0.80664 0.88700 1.00208
0.32220 0.92820 2.71697 3.45815 0.52377 1.22859
0.23660 0.67460 0.42279 3.31728 0.57714 1.52520
0.13260 0.79380 1.05263 3.95040 0.54450 0.56762
0.28420 0.72300 1.13761 3.03564 1.73267 1.32409
0.24780 0.83180 0.69255 1.31039 0.57475 1.01326
0.43660 0.98860 0.39557 1.14076 0.70956 0.79059
0.32900 0.77460 1.22603 2.15846 0.72247 1.66440
0.13100 0.71260 1.32134 0.31952 1.70173 0.50733
0.43020 0.88100 3.77899 0.85976 1.90396 0.77325
0.44940 0.86460 0.43107 1.05555 1.09657 1.24401
0.20180 0.87780 2.29421 0.39777 0.63508 1.20832
0.49580 0.77820 1.62225 3.46775 1.71594 1.42701
0.21540 0.84900 0.30481 1.96428 1.16070 0.57236
0.47780 0.87540 2.28786 0.27971 0.72447 0.50804
0.41460 0.87100 2.92006 2.99385 1.41323 1.92786
0.40900 0.72860 2.57041 0.42396 1.13524 1.43098
0.20420 0.67100 2.73967 0.33402 1.44693 1.57462
0.12540 0.93420 2.88786 1.36226 1.31859 0.96527
0.45620 0.88660 0.68113 2.49320 1.68296 1.78881
0.34540 0.98220 2.77022 0.87661 0.68444 1.90396
0.11420 0.62020 2.97729 0.26170 1.22179 1.37459
0.20980 0.81980 1.94261 0.26243 0.63420 0.80944
0.13220 0.92860 3.13834 2.76255 0.80497 0.67129
0.44900 0.65700 1.43993 3.00216 1.12584 0.52961
0.32180 0.73740 0.53366 1.60882 0.50035 0.77432
0.47940 0.97060 0.79775 1.99723 0.61771 1.05336
0.47020 0.65980 1.25006 1.18263 1.32777 1.44693
0.36500 0.69060 0.50768 0.59132 1.49381 1.55509
0.10020 0.64220 1.48041 0.26536 0.96393 1.34817
0.23020 0.75820 3.20872 0.38369 1.79876 1.54649
0.19140 0.73860 0.36602 0.56723 0.59337 1.69702
0.23780 0.69140 0.52196 0.81790 1.05336 0.67315
0.15980 0.75620 0.31165 0.65702 0.77970 1.78633
0.18020 0.86860 1.73869 1.09429 0.90438 0.50453
0.18380 0.90180 3.64521 0.31513 0.97198 1.52944
0.23700 0.81180 3.09513 0.32219 1.32042 0.88823
0.44380 0.92180 0.36704 2.18859 1.34257 1.22010
0.30420 0.98660 0.97671 1.54328 0.80832 0.57475
0.40460 0.97020 1.97520 0.35601 1.00347 1.16393
0.37060 0.65300 0.53812 0.65884 1.29504 1.27191
0.18780 0.80740 0.30062 0.28205 0.81847 0.65565
0.29140 0.77980 3.98340 2.28153 1.13839 1.62789
0.32940 0.74980 0.33588 3.29893 1.99032 1.08147
0.40260 0.93100 0.33495 0.25455 1.10726 1.57899
0.28380 0.82980 0.48030 1.46815 1.16231 1.76174
0.22340 0.89420 2.30058 0.58805 1.13210 1.85703
0.30820 0.87820 0.59460 0.30566 1.40153 0.50663
0.47500 0.87860 0.63905 0.55633 1.57243 1.64148
0.47260 0.79540 1.67249 0.43830 1.50629 0.64305
0.27780 0.71820 0.46073 3.60500 1.20999 0.63332
0.10660 0.93780 0.26389 0.53514 0.83451 1.06807
0.28220 0.72420 1.58667 0.26981 1.32961 0.98966
0.11540 0.76420 0.25104 0.61814 1.80625 1.85961
0.21580 0.99780 0.46458 0.28917 0.83335 1.00765
0.49380 0.70820 1.93187 0.25104 0.56058 0.72247
0.35060 0.86300 2.48630 1.03814 0.50243 0.55363
0.39220 0.91460 0.59625 3.51616 1.41128 0.68444
0.18700 0.77380 2.62806 1.80751 1.48144 1.47529
0.44020 0.89860 1.00139 0.69064 0.81960 0.99378
0.10740 0.84740 1.03814 0.45946 0.76260 1.70882
0.39900 0.93060 1.70055 0.29978 0.62807 0.64842
0.27180 0.67620 0.33868 0.40669 0.56999 1.30405
0.46260 0.79700 1.40056 2.66475 0.86035 1.36888
0.28860 0.74500 1.75321 0.51620 1.26488 1.23542
0.31660 0.85500 2.65001 0.54261 0.54829 0.58927
0.21700 0.84260 0.52924 0.46329 1.39959 0.53108
0.13300 0.84780 1.38127 2.16445 1.60325 1.91454
0.23580 0.78420 1.18921 2.50012 1.24920 0.95993
0.31180 0.94140 3.28069 0.72799 1.14631 0.52087
0.47700 0.92540 1.67714 1.18921 0.61942 1.03886
0.31740 0.82740 0.26906 3.39168 0.68160 1.67597
0.16460 0.78140 1.08824 1.98069 0.89193 0.61600
0.29380 0.99060 0.61643 3.21763 1.13367 0.55133
0.19460 0.75580 0.86934 0.87904 0.53255 0.74484
0.24100 0.87620 3.61501 0.71797 1.88557 0.72951
0.13940 0.94500 0.75681 0.32488 0.50945 1.55294
0.21300 0.91820 1.49692 0.41351 0.60332 0.58196
0.45900 0.94300 3.97237 0.91383 1.22688 0.93887
0.14300 0.95860 0.77378 0.94475 0.62546 1.60770
0.11940 0.70420 0.72598 3.57514 1.89605 1.45498
0.24860 0.80580 1.69584 3.82113 0.90188 0.66204
0.31380 0.82220 2.83235 1.81756 1.63694 0.90563
0.37260 0.95220 0.51620 0.90626 0.70271 0.79609
0.28500 0.85100 3.67565 3.70635 0.59419 1.40542
0.29460 0.63180 0.51051 0.92659 1.11497 1.13839
0.49860 0.63020 1.31039 2.38502 0.51799 0.62287
0.38380 0.91180 0.87176 2.48630 0.73969 0.93368
0.20620 0.82700 0.94213 0.69448 1.77645 0.66480
0.10500 0.78460 1.80250 0.46716 1.26313 0.64932
0.19700 0.73380 0.62503 0.91637 0.54753 1.77399
0.32340 0.83340 0.26170 0.27433 0.68539 0.60416
0.26140 0.90220 2.62079 0.33774 0.84031 1.23713
0.25020 0.62540 1.56917 0.30481 1.64376 0.72146
0.37420 0.67020 3.01885 1.99170 1.06511 1.06363
0.27460 0.81540 0.82017 1.04391 0.64483 1.65290
0.10780 0.99700 0.25525 1.36983 0.58277 1.27368
0.34660 0.98340 1.32869 1.11574 0.52668 0.83105
0.11740 0.89140 1.85318 0.58968 0.89069 1.65979
0.21340 0.87700 0.83162 0.45063 1.60103 1.19665
0.10700 0.74460 1.11265 1.61328 0.95860 0.95727
0.12460 0.64300 0.37010 2.63536 1.39765 1.50420
0.34780 0.85580 0.45063 1.86348 1.35191 0.66757
0.40060 0.92460 1.88949 0.72196 1.65061 0.97468
0.25500 0.72660 0.60963 1.53475 1.93858 0.68349
0.14220 0.79100 0.50208 0.49380 1.08147 0.79719
0.34380 0.68100 1.79253 2.31338 1.48349 0.69303
0.45740 0.89900 0.54563 0.68113 1.29684 1.32593
0.39620 0.71140 0.97131 0.36400 0.68729 1.89343
0.39380 0.84100 0.50069 0.34724 0.84382 1.09962
0.26380 0.70940 0.53514 0.34917 0.87357 1.61217
0.36580 0.86580 0.41812 1.40056 1.83147 1.76908
0.24060 0.87300 1.41618 2.57041 1.25788 0.81620
0.41660 0.88700 1.25353 1.58667 1.28788 0.85323
0.36220 0.64940 0.78241 1.97520 1.52098 1.31130
0.35380 0.70860 0.85976 0.34628 0.80608 1.56157
0.10340 0.76060 0.70222 0.72598 0.68825 0.58358
0.37660 0.91380 2.85601 0.68682 0.51727 1.09051
0.15620 0.94180 1.96428 2.77022 0.66021 0.50174
0.27420 0.63380 0.41009 3.71664 0.76472 0.64127
0.42500 0.81020 0.27433 1.69584 0.62114 1.47734
0.15860 0.68780 0.43227 0.51763 0.91700 0.69979
0.35780 0.75860 1.02669 2.12874 1.76908 0.51871
0.10460 0.76260 1.27103 0.43107 1.55509 1.02883
0.44700 0.61540 1.49278 1.33237 1.04174 1.82893
0.29540 0.90300 3.01049 0.27206 0.53108 1.43694
0.14180 0.90420 1.73388 1.17283 0.83567 0.65022
0.37300 0.64540 1.99170 0.44074 1.52732 0.56370
0.30380 0.71500 1.18591 0.48971 0.64038 1.37650
0.21980 0.97540 1.30315 0.27509 1.35566 1.96564
0.33980 0.80180 0.85500 0.66250 0.77539 1.39378
0.11020 0.77220 0.32219 0.51192 1.69232 1.14472
0.25380 0.71780 3.21763 0.28678 0.90313 1.70645
0.37980 0.60140 0.33681 1.35097 0.95066 1.13367
0.28340 0.66500 2.43851 0.35014 1.88035 1.71119
0.34420 0.71060 1.66324 0.25739 1.62789 1.81378
0.36980 0.75980 2.12874 0.57038 0.85916 0.82760
0.38340 0.83740 2.53503 0.47897 0.69592 0.96126
0.20500 0.97180 2.41162 0.93433 0.55826 1.26663
0.24460 0.68540 0.73408 1.04972 1.04608 1.38992
0.17740 0.96580 0.34436 2.21299 1.48555 0.77647
0.33700 0.94980 0.57674 1.70527 0.67036 1.07699
0.42580 0.70180 0.75054 1.03240 1.51467 0.74794
0.43380 0.66140 0.53663 2.85601 0.87843 0.61685
0.31860 0.86660 0.85027 1.56482 1.20330 1.42899
0.38820 0.96420 1.79751 0.35404 0.61005 0.78840
0.14580 0.65220 2.11111 2.37183 0.50804 1.38223
0.16780 0.80420 3.89602 0.25953 1.58997 0.99931
0.16220 0.98180 1.65405 0.28361 0.53329 0.57955
0.30700 0.92020 1.64490 0.30145 0.52159 1.27899
0.20100 0.79940 2.84021 0.69255 1.37268 1.41519
0.27620 0.66100 1.00696 1.74836 1.81378 1.53581
0.32700 0.96380 0.25596 1.22944 0.89689 0.86394
0.27500 0.84700 0.32041 2.92006 0.75419 1.61664
0.29780 0.92300 0.35404 1.64035 0.98966 0.97063
0.41180 0.70540 0.62677 0.65157 1.28076 1.35943
0.16980 0.73180 0.76313 0.38475 1.10114 1.30224
0.42380 0.70340 0.28997 0.78025 1.59660 0.63772
0.32460 0.97700 0.91383 1.61776 0.69016 0.82188
0.41980 0.95180 0.52632 0.41009 1.30044 0.76049
0.14500 0.82860 0.98214 0.63200 1.19003 0.62028
0.13700 0.62900 2.80889 0.54715 1.75200 1.00486
0.17180 0.75100 3.36359 0.52924 1.40347 0.68825
0.30540 0.80900 3.73731 3.81055 1.38223 0.66388
0.22420 0.92700 3.78948 0.30907 0.51370 1.84933
0.21660 0.61500 0.88638 2.40494 1.02030 0.51799
0.10300 0.91220 0.51192 0.26098 1.01889 1.72548
0.15420 0.67380 0.50348 3.66547 0.74484 1.48144
0.44660 0.98300 1.22264 3.16455 0.91320 0.59502
0.46580 0.65020 0.27357 0.54867 0.95993 0.51299
0.10580 0.93260 1.50943 1.46003 0.82531 1.42109
0.20460 0.86900 2.58471 2.71697 1.93589 0.83915
0.48740 0.85540 0.39338 1.57789 1.75443 0.91447
0.40380 0.85020 1.81252 0.75681 1.56157 1.07103
0.13780 0.77060 0.28049 0.98214 1.40542 1.15589
0.27300 0.71660 0.31688 3.42001 1.03455 1.59660
0.14940 0.77620 0.26462 1.13131 0.58682 1.31494
0.35180 0.84420 1.50525 0.61472 0.96661 1.23029
0.21140 0.61980 0.54111 3.09513 1.82387 1.22349
0.17940 0.82380 2.04202 3.04407 0.53403 1.65061
0.29660 0.64980 0.81338 0.66989 1.12896 1.05629
0.40220 0.76940 0.25314 1.49692 1.67597 0.68539
0.22620 0.76500 1.83274 0.95000 0.68920 0.67502
0.12820 0.78900 0.90626 1.10038 1.09809 1.26313
0.41100 0.69220 1.86348 1.88426 1.69702 1.18838
0.11220 0.67180 0.48700 0.67362 1.11188 0.81847
0.13460 0.98380 2.99385 0.30993 1.60547 0.59750
0.40140 0.75900 0.53961 1.92652 1.24574 0.98555
0.27140 0.93380 0.36299 0.74639 0.77325 1.68763
0.33860 0.73540 0.66989 0.82932 0.93757 0.82531
0.42940 0.66740 0.81564 2.59908 1.70645 1.18345
0.42740 0.95620 3.58507 1.07923 0.60249 1.06659
0.38620 0.64900 3.91768 3.93947 0.66480 0.65384
0.48060 0.72460 0.32669 3.99446 1.30949 0.51441
0.42420 0.74060 0.25174 0.33681 0.87478 1.48349
0.47100 0.95900 0.58642 1.38511 0.78295 1.46510
0.15020 0.74300 0.92402 0.34246 1.03025 0.52304
0.45060 0.95980 0.47369 1.43993 1.23713 1.56374
0.33220 0.88780 0.65884 1.48865 1.97383 0.53626
0.24900 0.81420 0.27131 0.79996 0.72046 1.89868
0.29860 0.63980 0.82702 0.41697 0.53034 1.15910
0.41900 0.70740 0.50488 2.75490 0.99516 1.10726
0.16820 0.81860 2.82451 3.30809 1.28610 0.99240
0.16580 0.60020 2.52801 0.33588 1.27191 0.63420
0.23540 0.80660 1.91587 2.17648 1.33330 0.53477
0.36660 0.67220 0.80441 1.66786 0.99240 1.17528
0.26820 0.74940 2.51403 2.03073 0.55671 0.76897
0.19820 0.67820 0.27509 1.78262 0.97874 0.94278
0.37900 0.65420 0.37113 0.42514 0.95330 1.19003
0.30020 0.99020 0.95000 1.71000 0.96795 1.73748
0.18500 0.79260 0.29566 0.38051 0.85560 0.65656
0.10380 0.63420 1.20247 0.55019 0.59915 1.19499
0.44260 0.91260 0.96594 2.54206 1.77892 0.87236
0.43500 0.99980 0.32579 1.83274 0.88209 1.54221
0.31340 0.94460 0.62157 3.68586 0.74587 1.66902
0.23180 0.93660 0.54261 0.48297 1.78633 1.45902
0.21620 0.90980 0.73204 0.50348 1.01748 1.30586
0.24580 0.82660 2.25636 2.26891 1.73027 1.17040
0.11820 0.80300 0.55942 0.37736 1.92786 0.67877
0.39860 0.60900 0.26026 0.56566 0.95462 0.65930
0.15380 0.91420 3.65533 0.68873 0.63772 0.76791
0.20580 0.88740 0.31776 1.94261 0.79941 1.33700
0.21460 0.67780 2.96905 1.11884 1.95477 1.71356
0.46780 0.66220 0.47237 3.01049 1.28432 0.66113
0.41540 0.77900 0.97400 1.10343 0.61259 1.07252
0.25420 0.67940 0.86694 0.59957 1.34443 0.79499
0.23500 0.64700 3.57514 2.62806 1.57680 1.74957
0.39660 0.60740 1.53050 0.61132 0.98146 1.07848
0.20300 0.74820 1.14076 0.37113 0.66296 0.58682
0.20740 0.74860 2.24389 0.89627 0.70076 0.67689
0.34580 0.69740 0.66619 1.42011 0.98010 1.73027
0.29260 0.71340 0.88148 0.26609 0.78079 0.69882
0.18300 0.79860 1.17283 2.07053 1.91189 0.79388
0.39300 0.85300 0.37319 0.96059 1.08900 0.60082
0.23140 0.66980 0.55787 1.24315 1.97657 1.14790
0.37820 0.99460 2.03637 0.25667 1.93053 1.02740
0.36180 0.90060 0.78895 0.52051 0.82645 0.67036
0.42180 0.93300 0.40332 0.86934 0.79609 0.55440
0.49980 0.82900 0.31079 1.85832 1.52944 0.71648
0.44500 0.90100 1.38896 0.82245 0.72951 0.57316
0.38140 0.99860 1.84805 3.18215 0.78404 1.11806
0.11660 0.81580 0.38582 0.37527 0.86394 1.35379
0.47860 0.85940 0.71400 0.39447 1.54435 0.95330
0.43180 0.70660 2.96083 0.38582 1.16554 1.05190
0.10220 0.92060 2.73208 1.50525 1.36888 1.75930
0.40540 0.83020 0.39667 0.93174 1.01607 0.74587
0.42900 0.71180 0.71203 1.53050 1.76418 1.24229
0.30140 0.88940 1.24315 0.62503 0.89565 1.00069
0.43900 0.78980 0.62330 0.31688 1.46917 0.59832
0.48500 0.64260 3.82113 0.36501 1.79626 1.67830
0.45260 0.76340 0.60123 0.67736 0.78840 0.91320
0.26300 0.66340 3.53571 0.57674 1.79378 1.01748
0.33620 0.64180 2.20076 2.94445 1.06216 0.61174
0.14740 0.77420 1.87905 1.44794 1.22010 0.87843
0.15460 0.83940 2.37183 0.38797 1.54649 0.58035
0.33300 0.87660 0.45313 2.17046 1.94127 0.89689
0.30340 0.82780 2.47255 1.19914 1.98481 1.21167
0.41140 0.66580 1.21251 0.76950 0.65384 0.95595
0.35100 0.98780 1.10650 2.42503 1.87514 0.59009
0.18420 0.70580 1.66786 2.80111 1.47529 1.91720
0.47380 0.89820 0.53219 1.43594 1.02314 0.51086
0.25700 0.89300 1.14711 2.23767 1.61440 0.58601
0.29740 0.91740 3.12965 1.01255 1.35379 0.53329
0.24620 0.74020 0.52051 0.85263 0.86874 0.74691
0.46900 0.68180 0.54715 0.41812 1.34630 1.06955
0.22260 0.91780 0.37840 1.37364 0.58439 1.36509
0.39980 0.83900 0.38156 2.13465 1.05482 0.91955
0.35020 0.78100 0.34917 0.52778 1.00208 1.42504
0.22500 0.95300 0.50628 1.84805 0.86155 1.21841
0.29580 0.96300 0.26098 0.86454 0.51871 0.80051
0.46340 0.91700 2.75490 3.05252 0.69112 0.81057
0.12180 0.72060 2.41831 0.37945 0.84499 0.88946
0.19500 0.73420 1.23628 0.86694 0.68066 1.36131
0.26220 0.77580 0.99034 1.06142 1.21335 1.33886
0.22100 0.64860 3.99446 0.87176 0.74691 0.53775
0.45460 0.76100 2.49320 2.55620 1.88818 0.88087
0.11980 0.78180 0.58156 0.53219 1.50838 0.52814
0.12580 0.91860 0.94737 1.38896 1.27368 0.79830
0.29340 0.89020 0.94475 3.53571 0.95198 0.94934
0.18260 0.97460 1.15029 0.26683 1.15749 0.67783
0.29620 0.96620 0.48565 1.81252 0.59667 0.52015
0.32660 0.86420 0.49517 0.48431 1.93321 1.93589
0.28180 0.75660 2.54206 3.98340 1.44894 1.52098
0.27940 0.93700 0.39229 0.88884 0.57157 1.81630
0.13580 0.83820 0.29240 0.33033 0.97468 0.74898
0.45860 0.62140 0.37631 0.35111 1.46307 0.95860
0.35580 0.80260 0.33774 2.05908 0.74794 0.63244
0.49020 0.68900 0.42988 1.35472 0.80163 0.71153
0.46460 0.63220 0.82932 3.06099 1.75686 0.96661
0.48460 0.64020 0.58805 0.53366 1.06955 1.01045
0.26340 0.65340 0.77593 0.47237 0.52015 0.63861
0.29020 0.63260 0.39777 0.40109 0.94671 0.52595
0.16540 0.91620 3.83174 2.33270 0.54981 0.59667
0.15940 0.98060 0.60626 1.42405 0.59584 1.58777
0.26180 0.62660 1.42011 1.74352 0.56762 0.54074
0.15580 0.99380 1.92652 0.75054 1.06807 0.55057
0.17260 0.79220 3.96137 3.91768 0.53626 1.08749
0.27100 0.85780 2.10526 0.77593 0.54677 1.82134
0.17620 0.97820 0.34151 3.52592 0.66943 1.58997
0.48780 0.93140 0.28361 1.32869 1.17691 0.84733
0.33020 0.98140 0.34532 1.26050 0.94017 0.83451
0.32100 0.71460 0.36098 0.73204 0.56370 0.87115
0.21380 0.99580 2.18253 0.90125 1.82893 1.18017
0.23980 0.61180 0.74432 0.37840 0.82760 1.01607
0.44860 0.87380 2.32624 3.32649 1.41519 1.19334
0.30180 0.73780 0.40444 1.25353 1.05190 0.70466
0.40420 0.76620 0.35700 0.26906 0.55748 0.77755
0.34980 0.98020 0.79333 0.50909 1.53581 0.63596
0.12420 0.94100 0.93174 0.54412 1.00765 0.64662
0.36100 0.89540 2.94445 0.28598 0.66388 0.64394
0.19780 0.73660 2.13465 3.88523 1.67133 0.79941
0.38700 0.87340 1.02101 2.11697 0.91828 1.46713
0.25620 0.92340 2.55620 1.26751 0.54525 0.94017
0.22980 0.74580 1.91057 3.97237 0.83683 0.80385
0.19940 0.62060 3.07801 0.27893 1.67365 0.83567
0.28580 0.88460 0.86454 3.58507 0.75210 0.53552
0.27580 0.68460 0.46329 0.70222 1.11961 0.66021
0.42980 0.91340 0.85738 1.00139 0.79830 0.50593
0.26020 0.99100 1.09733 0.32399 0.70174 1.83655
0.26260 0.92220 2.37841 0.25882 1.78881 0.90438
0.28700 0.80220 1.31403 1.57352 0.71252 1.00347
0.27340 0.65500 0.25455 0.32130 1.42899 0.75210
0.12140 0.86780 0.32942 1.31768 1.62563 1.71594
0.41020 0.99820 1.46815 2.53503 1.44493 1.74473
0.44300 0.68060 0.73816 0.46976 0.60668 0.85560
0.47300 0.68420 2.87986 1.25006 1.13997 1.72071
0.25980 0.99420 0.87418 0.47107 0.71847 0.71252
0.36420 0.95460 0.36806 0.36908 1.07699 0.68729
0.25060 0.75220 0.90375 0.39338 0.82302 0.81282
0.39420 0.73620 0.60458 1.82766 0.52522 0.91828
0.18980 0.77940 0.30736 0.82473 0.52449 0.53034
0.39180 0.86620 0.27971 2.01950 1.91986 0.97333
0.34020 0.79060 1.90000 0.31079 0.65838 1.35191
0.17340 0.96980 0.46201 0.82017 0.51015 1.68997
0.32300 0.64420 0.29402 0.88638 0.54299 0.89813
0.47980 0.92940 2.63536 3.72696 0.74381 0.62114
0.39700 0.90700 0.73002 1.02954 0.76578 0.57634
0.45300 0.96900 0.67924 0.39121 0.51441 1.67365
0.40820 0.76220 1.90528 1.77276 0.52961 1.11188
0.16380 0.80940 0.72799 0.61643 0.66757 0.68920
0.15100 0.88860 1.35849 0.33217 1.29864 1.46104
0.34100 0.89780 1.99723 1.55186 0.92723 0.86274
0.23420 0.66660 0.25035 1.06733 0.50523 0.88454
0.47620 0.70900 0.68492 0.57355 1.78139 0.75944
0.18060 0.83580 0.98760 1.72907 1.62113 0.95462
0.47140 0.76020 0.99585 1.53901 0.56136 1.76418
0.27860 0.83260 1.74352 0.38904 0.88454 1.62113
0.23060 0.85860 2.92817 0.90878 0.71055 0.81960
0.37140 0.65140 3.08656 2.33918 0.75944 0.84031
0.19980 0.68940 0.77809 2.59188 0.70466 0.70564
0.12700 0.67660 1.07624 3.24451 1.86736 1.99032
0.49740 0.87420 2.64268 0.41123 0.55440 0.77862
0.18860 0.93820 2.40494 1.08222 1.06069 0.79278
0.24500 0.75140 3.41054 1.24660 0.63244 1.51467
0.35620 0.95820 0.97942 0.35998 1.19665 0.89193
0.25740 0.68860 2.59908 0.40895 1.84676 1.31859
0.31620 0.84820 0.87661 0.94213 0.78622 1.04464
0.20940 0.92660 0.90878 3.59502 1.81882 0.68160
0.38020 0.66460 2.18859 0.84323 1.35004 0.77218
0.13620 0.70980 2.36526 0.43952 1.18674 0.89565
0.33180 0.84940 0.62851 2.62079 1.17365 1.91189
0.11380 0.88900 0.61472 0.72397 0.91067 0.92338
0.33260 0.68700 3.92856 1.28877 1.65519 0.85678
0.11700 0.83980 0.98487 0.56880 1.63241 1.43495
0.35260 0.70780 2.45888 3.76853 1.52309 0.81734
0.49900 0.77700 1.16312 0.62677 1.76663 1.09202
0.11860 0.66900 2.39828 0.35503 1.15589 1.74715
0.47220 0.95500 1.27456 0.68302 0.73052 0.92980
0.49820 0.96500 2.67957 0.26757 1.38032 0.56841
0.36460 0.71860 0.84557 2.52101 0.81394 0.54981
0.22300 0.98460 0.36501 0.30062 1.31494 1.68296
0.43580 0.95420 0.50909 0.42632 1.68529 1.38415
0.25180 0.73300 3.84238 0.30397 0.76897 0.55671
0.46020 0.79620 0.78025 0.37216 1.30224 1.82640
0.43980 0.91500 0.30145 1.50108 0.91193 0.78731
0.13740 0.83780 1.76786 1.63127 1.89868 0.99792
0.17300 0.72100 1.57352 2.25012 0.65112 1.25614
0.42620 0.98820 0.52486 0.37010 1.05775 1.87514
0.24260 0.75020 0.89379 3.28069 0.73154 1.02030
0.35900 0.71900 0.33309 0.83625 0.52595 1.45095
0.18620 0.98900 1.17609 0.59625 0.90689 1.52732
0.41500 0.75740 1.40834 2.57755 0.51157 0.82416
0.48580 0.69260 1.10957 1.02669 1.72071 1.91986
0.45420 0.90500 0.49380 1.12818 0.55903 1.39959
0.25540 0.80700 0.49931 0.29484 1.56374 0.98692
0.49220 0.70620 2.05908 0.36704 1.10880 1.02456
0.34820 0.74180 3.18215 3.54553 0.53182 1.99308
0.15500 0.74540 0.28519 0.45565 1.14155 0.60165
0.24980 0.95580 0.71997 2.67957 1.94396 1.08298
0.42260 0.76740 0.81790 0.65338 1.32225 1.04174
0.22460 0.93620 1.87384 0.63728 1.80125 1.79876
0.25100 0.64500 0.57197 2.96905 1.03168 0.93239
0.45580 0.63580 1.19582 0.86214 1.00486 1.34443
0.43340 0.71020 0.33402 2.77791 1.32409 1.20164
0.25460 0.61940 1.29954 0.95264 0.56605 1.22688
0.49100 0.61780 0.65520 0.99309 1.08749 1.16554
0.40180 0.78700 1.34350 0.51334 0.53477 1.13053
0.46700 0.91940 0.26609 0.46458 1.10267 1.64832
0.31300 0.67540 0.29321 0.53071 0.71747 0.51943
0.33780 0.66940 1.20916 2.26263 1.82640 0.65203
0.44580 0.79180 0.38904 2.58471 0.88332 0.66296
0.25900 0.82300 0.55172 1.06437 0.56527 0.84851
0.22900 0.69500 0.63376 2.80889 0.57078 0.56999
0.49300 0.63060 0.29159 0.39012 0.93627 1.88557
0.18180 0.69180 0.29484 3.38229 1.61888 0.54677
0.19420 0.98980 3.50642 0.71598 1.66209 1.48761
0.40620 0.79580 0.38475 1.45599 0.79169 0.58116
0.49620 0.64780 0.31513 0.26832 1.36320 0.77970
0.17780 0.83100 0.74639 2.45888 1.87774 1.75686
0.46860 0.68300 0.78676 0.40556 1.69466 0.62633
0.45380 0.82620 2.95263 2.08204 0.81282 0.90689
0.26980 0.71100 0.26243 2.14058 1.18181 0.92466
0.18820 0.90380 1.41225 0.25035 1.35943 1.54435
0.17380 0.62100 0.40669 1.00696 0.88577 0.65112
0.32820 0.81820 1.62676 0.57515 0.63596 0.59091
0.18460 0.73700 3.71664 2.00834 1.90132 0.86035
0.20140 0.96860 0.31600 1.34723 1.08598 0.65293
0.10540 0.75940 3.85305 0.33125 1.92519 1.80625
0.31980 0.86020 0.32488 1.05848 1.03742 1.45297
0.30060 0.71580 3.26255 1.26400 0.52232 0.98418
0.15260 0.91100 3.60500 2.84810 0.70564 1.77645
0.49500 0.69380 0.92146 1.35849 0.65203 0.56058
0.32860 0.94020 1.70527 2.20687 0.67408 0.85086
0.35980 0.88620 0.44938 0.73002 0.53775 1.87254
0.35660 0.77180 0.59957 0.33868 1.27721 0.71549
0.18940 0.87260 2.70945 3.23553 0.75838 0.55594
0.35860 0.62780 0.72397 0.50488 0.80051 0.70858
0.16300 0.69340 2.79336 2.30058 1.07549 1.31677
0.16500 0.97620 0.49243 1.17609 0.62201 1.29864
0.21740 0.65260 1.63580 0.47632 1.00626 0.53999
0.41780 0.84460 1.04681 0.63376 1.22349 0.66573
0.10940 0.95700 0.26757 0.79333 1.39571 0.89069
0.13980 0.88380 0.33217 1.56917 1.18017 1.04754
0.38940 0.60420 0.66804 0.27816 0.71947 0.59255
0.45340 0.80020 0.27206 1.80250 0.55363 1.33515
0.20700 0.82020 3.06099 0.30229 0.77432 0.56920
0.36020 0.65060 0.43467 3.84238 1.15109 0.99654
0.34060 0.70300 1.09126 0.97400 0.96527 1.63694
0.30940 0.80060 2.77791 1.87905 0.57316 1.64604
0.30860 0.95020 0.63552 2.32624 1.53794 1.47939
0.19180 0.84860 0.37945 2.03637 1.41912 0.62546
0.10980 0.94780 1.42800 3.22657 1.23885 0.51157
0.34940 0.82420 1.77769 2.18253 0.97063 0.77111
0.15900 0.98740 1.86865 0.52632 0.86754 1.93321
0.42220 0.76580 0.89876 1.31403 1.64604 1.07400
0.18580 0.60980 0.31338 1.19251 0.62894 1.06511
0.36860 0.66180 2.61353 0.44442 0.95595 1.44293
0.44820 0.84380 3.24451 0.45818 0.58927 1.64376
0.33580 0.85740 2.17648 1.89474 0.73357 1.30949
0.49660 0.78380 0.41697 0.39557 1.94666 0.84265
0.35460 0.71980 0.78458 0.38262 1.15269 0.50383
0.32980 0.61220 1.00417 1.40834 1.05922 0.90815
0.31220 0.96540 0.44689 0.95794 0.58035 1.88818
0.48020 0.77260 0.46976 0.57995 1.46713 0.59173
0.29060 0.70460 0.74021 1.08824 1.38799 0.58520
0.11060 0.75500 2.39164 0.71997 1.67830 1.67133
0.23900 0.90340 3.62505 0.92916 1.33700 0.96929
0.46220 0.93980 0.99309 0.43347 1.76174 1.46917
0.45500 0.78220 0.52778 3.10372 1.29325 0.86155
0.21900 0.63660 1.01819 3.75809 0.56841 1.05922
0.28300 0.62820 0.42396 2.64268 0.71549 1.47121
0.36700 0.88540 0.65702 0.43467 0.59173 1.66671
0.22860 0.60580 0.37736 2.74727 0.72648 0.61090
0.11580 0.89500 0.29813 2.41162 0.88823 0.82989
0.13540 0.78260 0.36908 0.69641 0.90063 1.62563
0.13020 0.96020 0.28205 0.68492 0.67315 0.60249
0.39500 0.60540 0.35111 0.31338 1.98756 0.72548
0.26660 0.81300 1.32501 0.64977 0.69979 0.51727
0.41220 0.81740 0.61302 3.47738 0.60082 0.92595
0.37700 0.67060 0.42162 1.19582 1.66440 1.73267
0.12260 0.65180 0.27586 2.47942 1.90660 1.90924
0.39260 0.89660 1.12818 1.36604 1.31312 1.83401
0.27700 0.72540 3.17334 0.32851 0.72347 1.15429
0.26860 0.62340 2.87189 3.19098 0.70858 1.04608
0.23260 0.95540 2.91198 2.43176 1.04899 0.58845
0.45980 0.63460 0.26316 0.64260 1.43296 0.86995
0.19340 0.99260 3.34499 1.67714 1.00905 1.51047
0.15060 0.86380 1.46409 0.70417 0.82874 1.85189
0.47180 0.95060 0.39998 1.51782 1.38607 0.58277
0.30620 0.86820 3.10372 0.48030 0.72548 0.76472
0.46620 0.86180 3.55537 2.10526 0.67596 1.80375
0.12660 0.75340 3.59502 1.76296 1.99585 1.51677
0.41260 0.64140 0.47764 0.48163 1.57026 0.74381
0.10180 0.60060 0.81113 1.27810 1.56591 0.65747
0.16140 0.85340 3.40110 0.35899 0.61429 1.59438
0.47660 0.67260 0.51334 0.65520 0.61344 0.52449
0.12100 0.83620 0.64797 0.57834 1.51677 1.29504
0.40660 0.74900 2.68701 2.84021 1.51047 0.73867
0.18660 0.65380 1.04102 1.71475 0.51086 0.52522
0.41380 0.61740 3.05252 0.78458 0.54074 0.62981
0.12620 0.80140 0.57995 1.27103 0.89440 0.75628
0.23340 0.87580 2.26891 2.35218 0.82989 1.28967
0.18340 0.84220 1.50108 1.30677 0.62028 0.61259
0.43300 0.88420 0.95794 1.58227 0.77111 0.56448
0.42100 0.96700 1.12194 0.53961 1.20497 1.26488
0.22020 0.64460 0.28598 0.32760 0.87600 0.67222
0.14980 0.98700 0.99861 3.33572 1.25440 1.30044
0.31900 0.84020 1.76296 0.50069 0.67129 0.94540
0.29700 0.82140 0.91891 0.33495 0.60584 1.45700
0.37180 0.81620 1.05848 1.66324 1.07400 1.14155
0.27900 0.69780 2.23767 1.92119 1.45297 1.12740
0.23740 0.83500 1.37745 1.23971 0.67502 1.18509
0.33740 0.90940 1.69114 0.79114 0.99654 0.92210
0.19300 0.68660 0.59132 0.37631 0.92595 1.05044
0.40020 0.74260 3.31728 0.49517 0.53924 1.02598
0.23820 0.98420 0.26683 3.25352 1.55725 1.95477
0.34740 0.90580 0.35899 1.83783 1.72788 0.85204
0.35420 0.87060 1.33978 0.88393 1.07848 1.00626
0.48620 0.60820 0.27739 0.29240 1.78386 0.83335
0.24340 0.93340 2.42503 0.44196 0.58764 0.94671
0.39580 0.64820 2.81669 1.07624 1.46510 1.97383
0.33820 0.89220 0.56723 0.36602 0.68349 0.56605
0.34340 0.61020 2.34567 1.77769 0.63156 1.28610
0.13140 0.68220 3.95040 2.04769 0.94409 1.20497
0.19740 0.80100 1.28165 3.65533 1.09354 0.70271
0.39340 0.86060 1.61776 0.55172 1.60770 0.56527
0.35500 0.92980 0.56253 2.11111 0.94803 0.84382
0.10820 0.68020 1.31768 0.30651 1.45498 0.88700
0.13660 0.99740 0.49655 1.95884 1.34071 1.60103
0.29100 0.76380 3.87447 0.64797 1.98206 0.55517
0.19620 0.83860 0.46716 1.03526 0.50383 1.28788
0.31260 0.62940 1.06437 0.97671 0.55981 0.77539
0.44780 0.91580 0.77164 0.96594 1.89343 1.23200
0.31540 0.63900 0.35799 0.63552 0.76154 0.52159
0.16660 0.77340 1.75808 0.32041 1.06363 1.66209
0.46820 0.97100 0.29078 3.56524 1.09962 0.80163
0.16260 0.97260 0.47632 1.32134 1.06659 0.73255
0.37220 0.69700 1.08222 3.48703 0.96126 0.72749
0.22540 0.80980 3.63511 0.45188 0.89938 0.61005
0.37780 0.68340 0.40220 0.62330 0.58601 0.85441
0.38420 0.82180 2.69447 1.72429 0.73765 1.44493
0.25140 0.86260 2.44528 0.57197 1.31130 0.90188
0.36340 0.60940 3.70635 0.32579 1.87254 1.12272
0.29900 0.95100 0.68302 1.10650 0.50453 0.87600
0.37100 0.65660 2.19466 1.98618 1.19334 1.87774
0.38980 0.66860 2.33270 0.42045 0.98555 1.34257
0.46740 0.76700 1.06733 2.51403 1.77399 1.81127
0.47340 0.98540 0.55325 0.40332 1.11651 1.19997
0.48860 0.73340 0.56409 2.09943 1.37841 1.01889
0.44220 0.79740 0.30397 0.44689 1.65749 1.39571
0.44060 0.65580 2.20687 1.88949 1.27015 1.04319
0.48900 0.97580 0.28440 1.45196 1.65290 1.01466
0.25220 0.90820 2.67215 0.66804 1.29146 1.84676
0.19020 0.87500 3.69609 1.50943 0.50874 1.88296
0.18220 0.61300 1.14393 0.35700 1.66671 1.38799
0.39740 0.78940 0.82245 0.58642 0.51943 0.57078
0.35940 0.79460 0.27056 0.88148 1.96837 1.10114
0.31580 0.75420 1.10038 0.97942 0.64932 1.40347
0.20660 0.67900 2.07053 1.15990 1.57899 1.12117
0.46100 0.90900 3.28980 2.93630 0.57794 0.73662
0.31780 0.74420 1.25701 0.76525 0.66204 0.73154
0.32260 0.75460 2.93630 1.11265 0.77862 0.53700
0.12900 0.76780 0.37423 1.01537 1.42504 1.25788
0.43260 0.70020 0.35014 0.36198 1.73748 1.97110
0.43620 0.90540 1.17936 0.29402 1.42701 0.90063
0.11260 0.67300 0.32399 3.01885 0.64842 0.63508
0.37740 0.60780 0.65338 2.45207 0.73662 0.55748
0.14660 0.89700 0.43347 0.50768 0.62633 1.24920
0.14780 0.89460 0.59791 0.71005 1.02172 0.71351
0.39020 0.81780 0.40895 1.55617 1.36509 0.55826
0.23380 0.84620 2.86394 0.92402 0.93239 1.15109
0.47820 0.96740 2.21299 3.73731 0.54149 0.52741
0.12020 0.77300 1.00975 0.81113 0.63949 0.57714
0.25260 0.63540 1.05555 1.47631 1.49174 0.59999
0.15780 0.96780 0.29730 2.70945 1.61217 1.76663
0.17900 0.83660 2.08782 1.51362 1.68763 0.82074
0.20020 0.85140 3.54553 1.79253 1.63467 1.98756
0.27540 0.83700 0.85263 2.29421 1.12117 0.61942
0.39540 0.87900 0.80888 1.67249 1.68063 1.37268
0.31020 0.76820 0.29978 3.92856 1.11806 1.10267
0.21780 0.95940 1.20581 2.65001 0.65930 1.40737
0.38500 0.86940 0.30651 0.60123 1.79129 1.98481
0.15540 0.72900 1.43594 0.98487 1.14472 1.79129
0.38100 0.61340 0.69448 0.83393 0.69303 1.56591
0.46940 0.93580 0.27893 0.30313 0.66573 1.03742
0.22660 0.75780 0.56880 3.80000 0.53849 1.97657
0.39060 0.79020 0.83857 1.39281 1.10420 0.99103
0.32740 0.72260 1.54756 2.67215 1.28254 1.20999
0.48180 0.63500 3.19098 0.27739 0.85441 1.04030
0.22940 0.93220 0.74846 2.69447 1.22519 0.98010
0.32060 0.79300 1.26050 0.96326 1.84421 0.66850
0.30780 0.61700 0.55019 0.28049 0.62287 0.63069
0.12340 0.62580 1.22944 0.39667 1.63014 1.20664
0.42140 0.65780 0.67175 0.97131 0.81057 0.54149
0.37340 0.73820 0.57515 1.70055 1.44293 0.78187
0.13060 0.67140 2.15846 0.99861 1.41716 1.70409
0.25940 0.91980 3.12098 0.39998 1.36131 1.08900
0.24420 0.89580 0.49107 0.27131 0.56448 0.90941
0.26460 0.80860 1.59549 0.74226 1.24229 0.50104
0.11100 0.69300 1.15990 0.52486 1.16716 1.02172
0.33060 0.81100 1.78757 1.09126 0.99378 1.49796
0.24660 0.76980 0.74226 2.07628 0.69400 1.24057
0.28060 0.60620 0.34341 3.83174 1.74715 1.25963
0.44460 0.78340 0.44442 1.17936 1.23542 1.60325
0.43540 0.80780 0.71005 1.21926 0.50174 1.16878
0.13340 0.81460 3.00216 0.32942 0.56920 1.50629
0.12060 0.92900 1.23971 2.06480 0.86995 0.70956
0.29220 0.88980 2.15248 1.59107 0.78187 1.41912
0.34620 0.61460 1.26751 1.60436 1.19168 0.61429
0.40580 0.89100 0.38262 0.29648 0.63684 1.79626
0.16100 0.92780 1.45196 2.73967 0.98692 0.70076
0.18100 0.81340 3.32649 2.72452 1.47121 1.51257
0.18740 0.79340 3.42950 3.37292 0.69689 1.08598
0.42340 0.66780 1.53475 2.96083 0.75524 0.56136
0.42860 0.78860 0.83393 0.63025 0.59255 0.69496
0.32540 0.85660 0.38369 3.43903 0.61857 1.17691
0.22700 0.80540 0.49792 1.20916 0.70368 1.06216
0.48980 0.80500 0.96059 0.34056 0.75106 0.99516
0.17020 0.69860 0.31864 0.30736 1.17528 0.75106
0.42700 0.81900 0.67736 2.34567 1.91454 1.09354
0.27660 0.75260 1.57789 2.46570 0.50593 1.97931
0.28940 0.72580 3.04407 0.99034 0.61090 1.04899
0.32780 0.90460 2.70195 1.28165 0.61174 1.80125
0.31820 0.94420 0.75891 0.81338 1.25614 0.78079
0.45660 0.86980 1.43197 0.31252 1.05629 1.50838
0.43100 0.92620 1.16959 2.90392 0.93887 0.69689
0.26940 0.81940 0.35601 2.14652 0.62720 0.50243
0.36900 0.82340 1.03240 1.59992 1.05044 0.63949
0.14140 0.75060 0.29648 0.27282 1.73989 1.12428
0.20380 0.93020 0.38689 1.41225 1.96564 0.68066
0.47060 0.94820 3.19984 0.84792 0.92852 0.69207
0.46540 0.98100 0.32760 2.50707 1.56808 1.78139
0.13900 0.85700 1.68646 0.40444 0.97333 1.31312
0.15180 0.68380 3.29893 0.46073 0.59009 1.69937
0.12300 0.60300 1.80751 0.67924 0.62981 0.69592
0.32140 0.77740 0.43830 1.22603 0.64305 1.03168
0.35700 0.61100 0.33962 0.59296 1.68997 1.05775
0.39140 0.60500 0.67362 0.80218 1.21504 1.68529
0.48100 0.72340 1.45599 0.55325 0.80944 1.44894
0.38580 0.65860 1.55617 0.52341 0.76049 0.73052
0.21060 0.68500 2.08204 2.68701 0.62460 1.84421
0.11180 0.89940 3.27161 0.95528 0.71153 1.53156
0.16620 0.72780 1.39281 2.22530 0.74072 0.51584
0.49940 0.99660 0.43709 2.39828 0.63069 1.54007
0.23620 0.79980 1.36604 0.56253 1.09505 1.80876
0.24700 0.60700 0.69834 1.34350 1.40932 0.70662
0.17500 0.90860 0.44813 0.40220 1.83910 1.18674
0.34860 0.61140 0.75262 0.63905 0.85678 0.57395
0.44620 0.96140 0.64260 0.79775 1.99308 0.51513
0.11140 0.73460 0.70028 1.84293 1.91720 0.88577
0.48940 0.63140 2.05338 2.44528 0.84733 0.96259
0.22140 0.72180 1.19251 0.61985 0.90941 0.69786
0.30460 0.95380 0.93433 2.15248 1.71356 1.86219
0.24380 0.87980 2.04769 0.29566 1.70882 1.20330
0.37580 0.77540 0.83625 0.59460 1.49796 1.03455
0.36780 0.63100 0.39447 2.12285 1.47325 0.84968
0.38060 0.64580 0.30229 0.46201 0.66113 1.62338
0.28900 0.67420 0.58479 3.89602 0.84851 0.50874
0.32020 0.89260 2.50707 0.49655 1.11034 0.50945
0.17580 0.70500 3.14705 3.64521 1.65979 0.78295
0.36540 0.66620 0.39887 0.60290 0.69207 1.39185
0.16180 0.79420 0.27662 0.49243 0.85797 1.21335
0.14620 0.73100 1.33237 1.02101 0.69496 1.84165
0.12380 0.69900 1.36226 0.35306 0.77647 0.65474
0.40300 0.84980 2.72452 2.41831 1.33886 1.33145
0.14860 0.99620 3.44857 0.28757 1.55941 0.75419
0.38860 0.69460 0.95264 0.55787 0.63332 0.60836
0.24940 0.85820 1.71951 0.58317 1.86219 0.96393
0.47460 0.97140 2.25012 0.78241 0.72749 1.19831
0.28620 0.72700 0.89627 1.64490 0.64394 1.72788
0.28140 0.86140 0.56566 0.67549 1.08448 0.63684
0.35340 0.60380 0.31952 1.14711 1.04319 0.72347
0.24140 0.85220 3.48703 0.34820 0.65747 0.93627
0.40780 0.99340 0.32309 0.25384 1.30767 1.96020
0.31700 0.96820 3.35427 1.28521 1.02883 1.40932
0.35540 0.96060 3.37292 1.73388 1.11342 0.80274
0.26580 0.78060 1.95342 3.50642 1.43098 0.70760
0.33380 0.73060 0.60794 1.68646 1.38415 0.82302
0.17820 0.71380 0.66250 2.97729 0.72850 0.64752
0.13180 0.85620 0.48971 0.28997 1.01326 0.67596
0.31460 0.98580 2.98556 0.91891 1.20832 1.38607
0.20820 0.88260 0.45692 1.62225 1.12428 0.71947
0.43940 0.62420 1.11884 0.37319 1.86995 1.77154
0.26900 0.91900 0.64618 0.56097 0.76684 1.99585
0.33140 0.97300 0.25739 1.46409 1.58557 1.40153
0.33540 0.89060 0.57038 1.62676 0.92980 0.50035
0.26740 0.82580 0.47500 2.52801 1.24401 1.79378
0.41700 0.88220 0.88393 0.67175 1.88296 1.41323
0.21020 0.81260 0.68873 3.35427 0.81169 0.69016
0.28660 0.74380 1.85832 0.45692 1.47939 0.98829
0.43780 0.89180 1.54328 0.31425 1.03886 0.93109
0.48660 0.86100 1.10343 2.02511 0.76366 0.59915
0.19860 0.81220 0.41237 3.87447 1.54221 1.29146
0.31060 0.88140 1.03526 1.65864 1.85961 1.95206
0.26100 0.64340 1.28877 0.78895 0.87115 1.63241
0.38460 0.86340 0.61985 2.65737 1.83401 1.55941
0.21220 0.99180 1.47631 1.08523 1.26663 0.63156
0.45780 0.60460 1.08523 1.09733 1.30586 1.24747
0.27380 0.76540 0.92916 1.40444 1.20664 1.09809
0.32380 0.82100 0.44196 0.45313 0.63861 0.97198
0.22580 0.87020 3.47738 2.92817 0.92466 1.69466
0.16020 0.71740 3.56524 0.85500 0.90563 0.51015
0.48140 0.69940 0.60290 0.26026 0.81734 0.78949
0.36140 0.61260 0.89131 1.07326 0.70662 0.54450
0.22380 0.79500 2.35218 0.75891 1.75930 0.61771
0.23100 0.80820 0.30993 0.70613 0.69786 1.25093
0.20780 0.92580 3.02723 0.38156 0.99792 1.30767
0.10420 0.74700 3.30809 0.44566 1.46104 0.54905
0.41740 0.85420 2.02511 3.86375 1.14790 0.75315
0.30660 0.62300 0.45818 1.30315 0.64216 0.94148
0.11780 0.69020 0.34056 1.43197 0.85323 0.64573
0.41340 0.81380 0.76525 0.82702 0.92210 0.68634
0.25300 0.86540 1.13446 3.55537 1.44093 1.99861
0.14700 0.88060 0.79554 1.93724 0.61600 1.07549
0.11300 0.72380 0.57355 0.69834 0.62373 1.59881
0.46500 0.93180 2.56330 0.70809 0.65565 1.94666
0.10620 0.70220 0.45439 1.95342 0.54905 1.60547
0.47740 0.60220 2.59188 0.39229 0.79278 1.75200
0.38780 0.92420 3.72696 2.28786 0.54374 0.55981
0.26700 0.96660 0.44074 1.33607 0.93109 0.61515
0.34140 0.74620 1.26400 0.89379 0.77004 1.63921
0.42020 0.61380 3.90683 0.56409 1.50004 1.02314
0.27260 0.82540 3.51616 2.89588 1.45095 0.69112
0.48540 0.79660 2.45207 0.71400 1.58337 0.91573
0.32500 0.74340 0.57834 2.08782 0.73458 1.28254
0.12940 0.88500 1.15349 0.76102 1.50420 1.90132
0.21940 0.90020 3.88523 0.29895 1.61664 1.48968
0.17700 0.63700 3.49671 1.16635 0.56683 1.47325
0.28260 0.93860 0.34246 0.80441 0.86274 1.73989
0.27820 0.90620 1.95884 2.27521 1.74957 0.62201
0.25580 0.75380 0.48431 0.75471 0.81620 0.57554
0.10100 0.66260 0.84323 1.76786 0.64662 1.17365
0.20260 0.87460 0.96326 0.60458 0.68255 0.54299
0.41580 0.91300 0.45565 2.04202 0.59832 1.13682
0.43740 0.72620 2.76255 1.90528 1.66902 1.21504
0.13380 0.72740 1.98618 3.13834 0.53552 1.07998
0.19540 0.72140 0.27816 0.64439 1.77154 1.13524
0.35220 0.61060 1.88426 0.25596 1.19831 1.10420
0.37940 0.80460 2.78562 1.29594 0.97739 1.03311
0.19900 0.89380 3.46775 0.43709 0.52087 1.70173
0.23860 0.93740 0.70417 0.28440 1.58777 0.89317
0.26540 0.94260 1.04391 2.47255 0.83915 0.57794
0.49140 0.75540 0.39121 3.12965 1.74473 0.66665
0.21500 0.88580 1.68179 3.06949 1.58118 1.90660
0.12780 0.88020 1.60436 0.92146 0.91955 0.92852
0.36620 0.82500 0.51907 0.51907 1.09202 1.00905
0.47420 0.65460 0.52341 1.69114 0.55517 0.90313
0.24020 0.71300 1.33607 2.60629 1.42306 0.83220
0.36820 0.67340 1.09429 0.66619 1.14949 0.87965
0.35820 0.62700 3.15579 0.74432 1.17202 0.62460
0.33500 0.71420 2.21914 0.29730 1.24747 0.52377
0.17980 0.75180 1.82766 3.14705 0.75628 0.82874
0.21860 0.72980 1.72429 0.64618 0.59750 1.36699
0.40860 0.93500 2.17046 0.76313 1.59881 0.65838
0.26620 0.95260 1.29235 2.70195 0.74898 0.84499
0.24820 0.80340 1.96973 0.42988 0.64573 0.59337
0.15140 0.89740 0.63728 1.93187 1.43893 0.72447
0.19100 0.77660 0.25667 0.96862 1.14314 1.11961
0.13860 0.91060 0.69064 3.44857 1.37650 0.89938
0.42060 0.78660 0.42632 0.41581 0.51228 1.59218
0.43700 0.99140 0.56097 1.48041 1.23029 0.98146
0.22820 0.87140 2.84810 1.91587 1.96020 1.38032
0.19380 0.97860 0.38797 2.86394 1.04754 0.60500
0.40100 0.65940 2.28153 0.30821 0.77218 0.87357
0.19580 0.74780 3.74769 1.15029 1.55294 0.54601
0.16860 0.86220 1.48865 0.26389 1.71119 0.71055
0.31420 0.81060 0.51477 1.39668 0.98829 1.58337
0.47540 0.80380 2.90392 0.54563 1.19499 0.60668
0.36740 0.81660 0.55478 2.35871 0.75315 1.53794
0.33660 0.98940 0.64439 2.09362 1.19997 1.37841
0.14900 0.67860 1.58227 2.19466 0.58520 1.36320
0.40500 0.99500 2.01950 3.42950 0.94278 1.71832
0.30740 0.64660 0.38051 0.28519 1.25266 1.52309
0.29420 0.66060 0.37216 1.49278 0.86514 0.85797
0.23300 0.96220 0.64082 1.16959 1.70409 1.77892
0.33940 0.96260 0.75471 0.93952 1.21841 1.68063
0.24220 0.89620 1.64947 0.73816 1.21672 0.80608
0.48700 0.92100 0.79114 0.36098 0.51584 0.97603
0.48300 0.62180 1.06142 0.83857 0.91573 0.60584
0.25340 0.69580 2.47942 2.36526 1.07252 1.05482
0.14380 0.94340 0.90125 2.43851 1.95206 0.73560
0.42300 0.63820 1.23285 1.86865 0.74175 0.80497
0.16700 0.98620 0.42514 0.60963 1.13682 1.35754
0.16340 0.70100 0.79996 0.85027 1.39185 0.97874
0.41860 0.60100 0.35209 0.47500 1.02456 1.48555
0.22220 0.89340 0.28283 0.45439 1.95748 1.14949
0.34700 0.76900 1.21926 1.12506 1.02598 1.21672
0.26780 0.84660 1.47223 1.75321 1.90924 1.56808
0.11620 0.86740 2.43176 0.33962 0.84265 0.78404
0.12980 0.62260 2.31980 0.98760 0.71351 1.32225
0.37020 0.92740 0.43588 1.16312 1.72548 0.53924
0.30300 0.82060 1.74836 0.55478 0.67971 0.88332
0.16740 0.97340 0.25244 1.15349 1.16393 1.51887
0.21180 0.73900 2.31338 1.14393 1.01466 0.58439
0.17100 0.79820 1.56049 3.62505 0.57395 0.92723
0.31100 0.64380 0.84090 0.52196 0.79388 0.77004
0.45940 0.71700 0.88884 1.41618 1.80375 0.82645
0.34180 0.66020 1.07029 3.85305 0.65474 1.27544
0.19660 0.61860 0.47897 0.47764 1.99861 1.11342
0.41420 0.84540 1.29594 1.05263 1.03598 0.74072
0.17540 0.68820 1.27810 0.50628 1.07998 1.41128
0.27020 0.69100 3.23553 0.62851 0.60500 0.88209
0.35300 0.94740 0.54412 2.31980 1.53156 1.28432
0.44140 0.94540 0.76737 0.64082 0.73560 0.80720
0.28540 0.63300 0.45946 0.25314 0.68634 1.11651
0.33340 0.68980 2.54912 0.73408 1.37459 0.72046
0.46380 0.97660 1.51782 0.58156 0.65022 0.73357
0.48420 0.87740 1.77276 1.29954 0.84968 1.53368
0.15740 0.74100 2.09362 0.34341 0.83799 0.86874
0.39940 0.61820 1.07923 3.61501 1.27544 1.42306
0.48820 0.65820 2.14058 3.19984 0.85086 1.83147
0.34220 0.64740 3.43903 0.36806 0.51299 1.85446
0.31500 0.96100 1.64035 1.85318 0.80385 1.74231
0.25820 0.68140 3.80000 2.81669 1.20164 1.57680
0.46180 0.61660 0.92659 0.31600 0.77755 1.37078
0.17860 0.94940 0.31425 0.53663 0.83220 1.88035
0.46060 0.62220 3.75809 2.54912 1.18838 1.15269
0.16420 0.90260 0.25384 3.69609 1.59218 0.60332
0.49180 0.71940 3.33572 0.78676 1.07103 0.55210
0.24180 0.64060 0.30821 1.27456 1.40737 0.81394
0.10900 0.64100 1.36983 1.87384 0.61515 0.54753
0.16060 0.94700 0.36198 1.75808 0.73867 1.17854
0.14420 0.90740 0.69641 0.26462 1.54007 1.60993
0.17060 0.79140 0.91130 1.47223 1.34817 0.89440
0.23940 0.60180 2.52101 3.07801 1.89080 1.65749
0.12860 0.76300 0.32130 3.40110 0.55594 1.34071
0.45180 0.68620 1.42405 0.28126 0.99931 0.95198
0.27740 0.69620 1.81756 3.26255 0.51513 0.73765
0.19260 0.90660 1.65864 1.25701 1.21167 0.75524
0.10140 0.66820 1.16635 0.35209 0.93368 0.75733
0.40740 0.79900 2.74727 0.83162 1.63921 1.09505
0.28740 0.77500 0.26536 3.77899 0.90815 1.25266
0.44100 0.96460 1.18263 1.48452 0.96929 1.13210
0.46420 0.68260 3.38229 2.87189 0.60836 1.93858
0.46300 0.84300 0.96862 1.10957 1.16878 1.22519
0.48260 0.74140 0.35503 1.52626 0.65293 1.16716
0.36060 0.90780 0.67549 0.28837 1.54864 1.32777
0.14460 0.95140 2.46570 0.44813 1.85703 0.54829
0.20220 0.65540 0.29895 0.79554 1.33515 1.83910
0.19220 0.94660 0.41581 3.11234 0.50663 1.63467
0.15700 0.78300 0.76102 0.71203 1.31677 0.69400
0.15340 0.63860 0.37527 1.23628 0.57236 0.62373
0.28820 0.77100 0.63200 2.05338 0.57634 1.86995
0.33100 0.99300 0.30313 0.41466 0.97603 1.11497
0.46980 0.76140 1.93724 0.31776 1.92252 0.78513
0.28980 0.83140 0.86214 2.20076 1.55079 0.58764
0.37860 0.60660 0.84792 1.54756 1.72309 0.97739
0.37620 0.85060 0.40556 2.95263 0.54601 0.71847
0.11500 0.83380 1.52203 0.61302 0.56292 0.74175
0.30580 0.92260 2.16445 2.00277 0.60416 1.23885
0.49700 0.71220 1.52626 3.74769 0.60752 1.29325
0.17220 0.87940 3.39168 1.13761 0.98282 0.54224
0.36300 0.95340 0.30907 0.58479 1.18345 1.89605
0.18900 0.82820 0.25882 0.33309 0.93498 1.63014
0.49060 0.80620 0.28837 0.53812 0.67689 0.76260
0.42660 0.99220 0.42045 0.32309 0.52741 0.76154
0.29820 0.94220 0.42750 2.82451 1.81127 0.91193
0.47900 0.91540 1.71475 1.52203 1.86477 0.84616
0.20860 0.97420 2.38502 0.81564 0.98418 0.95066
0.45140 0.98260 2.11697 3.28980 1.71832 0.68255
0.39780 0.60260 0.36400 1.13446 0.75002 0.50523
0.36940 0.63780 1.84293 0.36299 0.56214 0.74278
0.40980 0.94580 0.44319 0.29078 0.82074 1.92252
0.20900 0.97220 0.44566 0.66067 0.79499 1.96292
0.26060 0.82460 1.38511 0.51477 0.67877 1.49589
0.17420 0.67580 1.56482 1.23285 1.30405 0.54374
0.34260 0.76660 0.66434 0.93692 0.78513 1.35566
0.30220 0.73260 3.03564 2.25636 0.55057 1.61440
0.41620 0.86500 0.26981 0.89876 0.73255 1.14631
0.35140 0.73580 1.11574 0.47369 0.99103 1.69232
0.32620 0.69980 0.33033 3.34499 1.23371 1.14314
0.45020 0.66380 1.35097 0.91130 0.57554 0.51228
0.37500 0.61580 2.35871 1.32501 0.94148 0.64038
0.38300 0.63940 0.39012 0.89131 1.18509 1.26138
0.43860 0.73940 1.71000 1.82260 0.92083 0.51370
0.17460 0.60340 0.35306 1.90000 0.87721 1.11034
0.11340 0.65740 1.46003 1.71951 0.87965 1.86477
0.41300 0.88300 1.01255 0.48835 0.78731 0.72850
0.30500 0.81500 1.98069 2.61353 1.81630 1.23371
0.25660 0.84500 2.06480 1.56049 0.70760 1.17202
0.33420 0.94900 0.76950 0.50208 0.52814 1.86736
0.10860 0.84580 0.46587 2.91198 0.66665 1.73508
0.34460 0.62740 0.32851 0.74846 0.57955 1.46307
0.29180 0.78780 1.94801 1.00417 1.37078 0.62894
0.42540 0.83060 0.87904 2.01391 0.59999 0.60752
0.23460 0.94060 0.73611 1.02385 1.64832 0.52232
0.10060 0.66700 0.58317 0.42162 0.91447 0.86514
0.46660 0.83540 3.16455 0.26316 0.53700 1.06069
0.22180 0.85460 0.43952 1.63580 1.82134 1.27721
0.39100 0.88820 1.59992 1.22264 1.28967 0.64216
0.39820 0.84140 0.95528 1.15669 0.55287 0.71747
0.27980 0.67500 2.23148 1.73869 1.52520 1.44093
0.39460 0.69420 1.59107 1.18591 0.51656 0.83799
0.18140 0.99940 0.63025 1.96973 1.25093 0.80832
0.12220 0.77020 1.78262 1.91057 0.94540 0.70368
0.27060 0.96340 2.30697 0.42750 0.84148 1.94127
0.46140 0.66420 2.09943 0.49107 1.43495 1.12896
0.40700 0.88180 1.35472 3.90683 0.58196 1.13997
0.20060 0.74740 0.40782 1.37745 1.01045 1.50004
0.30100 0.92140 0.41928 0.73611 0.61685 1.65519
0.40340 0.83300 1.63127 0.77809 0.89813 0.70174
0.22740 0.62620 2.12285 1.04102 1.47734 1.08448
0.12500 0.62500 0.33125 2.56330 0.57875 0.81169
0.44180 0.73980 0.40109 0.46587 0.59502 1.10880
0.45100 0.74660 2.00277 0.25525 0.60165 0.50313
0.35740 0.97940 0.80218 1.78757 1.13053 0.73458
0.49540 0.65900 1.15669 0.48700 1.04464 0.56214
0.17660 0.69660 0.28757 0.43227 0.58845 1.58118
0.28100 0.85260 0.64977 2.78562 0.65656 0.52888
0.16900 0.67700 1.13131 0.76737 0.94934 1.12584
0.25860 0.99900 3.06949 1.21588 0.95727 1.96837
0.34900 0.69540 0.70809 2.88786 1.97110 1.18181
0.38260 0.73500 1.39668 0.74021 1.32593 1.81882
0.32420 0.63340 0.58968 3.08656 1.84165 0.67408
0.16940 0.81700 2.14652 0.77164 0.71450 0.92083
0.30980 0.93540 0.47107 0.84557 0.50104 1.28076
0.22780 0.92380 0.72196 2.87986 1.80876 1.92519
0.49340 0.62460 2.00834 2.98556 1.27899 0.75002
0.21420 0.63740 2.22530 0.42279 1.59438 0.56292
0.37460 0.68580 0.91637 0.32669 1.24057 0.81507
0.43820 0.70380 1.55186 0.62157 1.26839 1.49381
0.24740 0.97380 2.50012 0.43588 1.12272 1.03025
0.38740 0.62980 1.53901 3.49671 1.43694 0.52668
0.37380 0.85380 0.34628 0.27662 0.58116 0.67971
0.28460 0.62380 0.48297 1.44393 0.80274 0.55287
0.26420 0.99540 2.01391 0.41237 0.81507 0.83683
0.27220 0.70140 2.57755 2.21914 0.64127 1.41716
0.29500 0.87180 1.21588 3.36359 0.84616 1.57243
0.44740 0.90140 1.02385 1.59549 1.42109 1.49174
0.15220 0.81140 1.24660 2.73208 0.88087 0.87721
0.14540 0.67980 0.71598 3.67565 1.94936 0.96795
0.41820 0.73140 0.25953 0.29813 1.15429 1.50212
0.21260 0.63620 0.61814 1.68179 0.85204 1.54864
0.43420 0.83460 2.60629 0.28283 0.88946 1.89080
0.38220 0.60860 0.68682 0.44938 1.08298 0.87478
0.47580 0.83220 1.07326 0.38689 1.33145 1.27015
0.11460 0.82940 1.44794 0.46846 0.92338 1.58557
0.24300 0.95660 1.40444 0.85738 0.87236 0.57157
0.31940 0.95780 2.66475 0.87418 0.67222 1.15749
0.40940 0.76180 0.41351 2.39164 1.35754 1.43296
0.44540 0.97740 1.01537 0.29159 0.59091 0.76578
0.44340 0.71540 1.51362 0.80888 1.64148 1.25440
0.14100 0.70700 2.80111 0.59791 0.96259 1.01185
0.42780 0.88340 0.26832 0.66434 1.45902 1.09657
0.34500 0.91660 3.45815 1.65405 0.76791 0.64483
0.29940 0.76460 1.02954 0.31864 0.83105 0.72648
0.43460 0.92500 0.45188 1.64947 1.45700 0.84148
0.45220 0.64620 0.59296 0.49931 0.52304 0.62807
0.14260 0.70260 0.41466 1.07029 0.54224 0.78622
0.24540 0.61620 1.72907 1.20581 1.38992 0.73969
0.45540 0.73220 3.76853 3.41054 0.80720 1.29684
0.28020 0.78740 0.54867 0.51051 1.23200 0.55903
0.14340 0.69820 1.44393 0.29321 1.00069 0.91067
0.14820 0.94620 0.34724 0.31165 1.84933 0.66943
0.29980 0.72500 1.37364 1.04681 0.72146 1.95748
0.38180 0.89980 0.80664 3.63511 0.58358 0.79169
0.25780 0.91140 1.61328 0.34151 1.26138 0.61344
0.21100 0.85980 0.35998 1.29235 1.36699 1.43893
0.34300 0.83420 3.93947 1.42800 0.74278 1.34630
0.17140 0.78020 3.52592 3.02723 1.57462 0.57875
0.33460 0.78620 2.27521 0.60794 1.10573 0.93498
0.49460 0.94380 1.12506 1.00975 0.53999 0.60921
0.15300 0.72940 0.46846 3.20872 1.51257 0.94409
0.41060 0.93460 3.66547 3.27161 1.01185 0.75838
0.32580 0.78580 1.83783 3.15579 0.52888 0.59584
0.48220 0.93900 0.48835 3.17334 0.79059 1.24574
0.23220 0.77860 3.25352 0.75262 1.12740 1.94396
0.10260 0.86700 0.41123 3.12098 0.67783 0.54525
0.29300 0.84060 0.31252 1.94801 0.75733 1.16231
0.48340 0.72820 3.22657 3.78948 1.09051 0.51656
0.26500 0.96180 3.68586 0.60626 0.55133 1.39765
0.37540 0.73020 0.71797 0.55942 0.71648 1.75443
0.36260 0.84340 0.53071 1.21251 1.83655 0.76366
0.43060 0.75700 2.89588 0.34436 0.50313 1.57026
0.42460 0.66300 0.28126 0.49792 0.89317 1.33330
0.20340 0.77140 0.25810 0.84090 1.22859 1.55079
0.20540 0.76860 1.92119 0.27056 0.82416 0.56683
0.36380 0.71620 2.26263 0.41928 1.97931 0.85916
0.14060 0.95740 0.65157 0.48565 0.64752 0.53255
0.45820 0.97980 1.04972 0.54111 1.17854 1.26839
0.41940 0.96940 2.65737 0.25244 1.04030 1.93053
0.43140 0.85900 0.28917 1.20247 1.25963 0.59419
0.44420 0.82260 0.55633 0.90375 1.39378 1.94936
0.13420 0.72020 0.48163 0.25174 1.74231 0.76684
0.18540 0.79780 0.30566 1.79751 1.51887 0.53403
0.15820 0.78540 0.93952 2.23148 1.85446 1.32961
0.38540 0.97780 0.93692 0.42869 1.48761 1.32042
0.43220 0.61420 1.28521 0.35799 1.15910 0.86754
