0.10000 0.80000 1.00000 1.00000 1.00000 1.00000
0.14000 0.80000 1.00000 1.00000 1.00000 1.00000
0.18000 0.80000 1.00000 1.00000 1.00000 1.00000
0.22000 0.80000 1.00000 1.00000 1.00000 1.00000
0.26000 0.80000 1.00000 1.00000 1.00000 1.00000
0.30000 0.80000 1.00000 1.00000 1.00000 1.00000
0.34000 0.80000 1.00000 1.00000 1.00000 1.00000
0.38000 0.80000 1.00000 1.00000 1.00000 1.00000
0.42000 0.80000 1.00000 1.00000 1.00000 1.00000
0.46000 0.80000 1.00000 1.00000 1.00000 1.00000
0.50000 0.80000 1.00000 1.00000 1.00000 1.00000
0.30000 0.60000 1.00000 1.00000 1.00000 1.00000
0.30000 0.64000 1.00000 1.00000 1.00000 1.00000
0.30000 0.68000 1.00000 1.00000 1.00000 1.00000
0.30000 0.72000 1.00000 1.00000 1.00000 1.00000
0.30000 0.76000 1.00000 1.00000 1.00000 1.00000
0.30000 0.80000 1.00000 1.00000 1.00000 1.00000
0.30000 0.84000 1.00000 1.00000 1.00000 1.00000
0.30000 0.88000 1.00000 1.00000 1.00000 1.00000
0.30000 0.92000 1.00000 1.00000 1.00000 1.00000
0.30000 0.96000 1.00000 1.00000 1.00000 1.00000
0.30000 1.00000 1.00000 1.00000 1.00000 1.00000
0.30000 0.80000 0.25000 1.00000 1.00000 1.00000
0.30000 0.80000 0.32988 1.00000 1.00000 1.00000
0.30000 0.80000 0.43528 1.00000 1.00000 1.00000
0.30000 0.80000 0.57435 1.00000 1.00000 1.00000
0.30000 0.80000 0.75786 1.00000 1.00000 1.00000
0.30000 0.80000 1.00000 1.00000 1.00000 1.00000
0.30000 0.80000 1.31951 1.00000 1.00000 1.00000
0.30000 0.80000 1.74110 1.00000 1.00000 1.00000
0.30000 0.80000 2.29740 1.00000 1.00000 1.00000
0.30000 0.80000 3.03143 1.00000 1.00000 1.00000
0.30000 0.80000 4.00000 1.00000 1.00000 1.00000
0.30000 0.80000 1.00000 0.25000 1.00000 1.00000
0.30000 0.80000 1.00000 0.32988 1.00000 1.00000
0.30000 0.80000 1.00000 0.43528 1.00000 1.00000
0.30000 0.80000 1.00000 0.57435 1.00000 1.00000
0.30000 0.80000 1.00000 0.75786 1.00000 1.00000
0.30000 0.80000 1.00000 1.00000 1.00000 1.00000
0.30000 0.80000 1.00000 1.31951 1.00000 1.00000
0.30000 0.80000 1.00000 1.74110 1.00000 1.00000
0.30000 0.80000 1.00000 2.29740 1.00000 1.00000
0.30000 0.80000 1.00000 3.03143 1.00000 1.00000
0.30000 0.80000 1.00000 4.00000 1.00000 1.00000
0.30000 0.80000 1.00000 1.00000 0.50000 1.00000
0.30000 0.80000 1.00000 1.00000 0.57435 1.00000
0.30000 0.80000 1.00000 1.00000 0.65975 1.00000
0.30000 0.80000 1.00000 1.00000 0.75786 1.00000
0.30000 0.80000 1.00000 1.00000 0.87055 1.00000
0.30000 0.80000 1.00000 1.00000 1.00000 1.00000
0.30000 0.80000 1.00000 1.00000 1.14870 1.00000
0.30000 0.80000 1.00000 1.00000 1.31951 1.00000
0.30000 0.80000 1.00000 1.00000 1.51572 1.00000
0.30000 0.80000 1.00000 1.00000 1.74110 1.00000
0.30000 0.80000 1.00000 1.00000 2.00000 1.00000
0.30000 0.80000 1.00000 1.00000 1.00000 0.50000
0.30000 0.80000 1.00000 1.00000 1.00000 0.57435
0.30000 0.80000 1.00000 1.00000 1.00000 0.65975
0.30000 0.80000 1.00000 1.00000 1.00000 0.75786
0.30000 0.80000 1.00000 1.00000 1.00000 0.87055
0.30000 0.80000 1.00000 1.00000 1.00000 1.00000
0.30000 0.80000 1.00000 1.00000 1.00000 1.14870
0.30000 0.80000 1.00000 1.00000 1.00000 1.31951
0.30000 0.80000 1.00000 1.00000 1.00000 1.51572
0.30000 0.80000 1.00000 1.00000 1.00000 1.74110
0.30000 0.80000 1.00000 1.00000 1.00000 2.00000
