BE_0     0.3   0.8   3.6     1   7.4    20 0.049 0.6711 0.9624  2.27   0.3  -2.3     8   0.1  2000  0.05   350  0.25 0.002     2   0.6 8e-05     1     1   0.1   0.2 0.002     2    67
BE_1     0.3   0.8   3.6     1   7.4    20 0.049 0.6711 0.9624  2.27   0.3  -2.3     8   0.1  2000  0.05   350  0.25 0.002     2   0.6 8e-05     1     1   0.1   0.2 0.002     2    67
BE_2     0.3   0.8   3.6     1   7.4    20 0.049 0.6711 0.9624  2.27   0.3  -2.3     8   0.1  2000  0.05   350  0.25 0.002     2   0.6 8e-05     1     1   0.1   0.2 0.002     2    67
BE_3     0.3   0.8   3.6     1   7.4    20 0.049 0.6711 0.9624  2.27   0.3  -2.3     8   0.1  2000  0.05   350  0.25 0.002     2   0.6 8e-05     1     1   0.1   0.2 0.002     2    67
BE_4     0.3   0.8   3.6     1   7.4    20 0.049 0.6711 0.9624  2.27   0.3  -2.3     8   0.1  2000  0.05   350  0.25 0.002     2   0.6 8e-05     1     1   0.1   0.2 0.002     2    67
BE_5     0.3   0.8   3.6     1   7.4    20 0.049 0.6711 0.9624  2.27   0.3  -2.3     8   0.1  2000  0.05   350  0.25 0.002     2   0.6 8e-05     1     1   0.1   0.2 0.002     2    67
BE_6     0.3   0.8   3.6     1   7.4    20 0.049 0.6711 0.9624  2.27   0.3  -2.3     8   0.1  2000  0.05   350  0.25 0.002     2   0.6 8e-05     1     1   0.1   0.2 0.002     2    67
BE_7     0.3   0.8   3.6     1   7.4    20 0.049 0.6711 0.9624  2.27   0.3  -2.3     8   0.1  2000  0.05   350  0.25 0.002     2   0.6 8e-05     1     1   0.1   0.2 0.002     2    67
BE_8     0.3   0.8   3.6     1   7.4    20 0.049 0.6711 0.9624  2.27   0.3  -2.3     8   0.1  2000  0.05   350  0.25 0.002     2   0.6 8e-05     1     1   0.1   0.2 0.002     2    67
BE_9     0.3   0.8   3.6     1   7.4    20 0.049 0.6711 0.9624  2.27   0.3  -2.3     8   0.1  2000  0.05   350  0.25 0.002     2   0.6 8e-05     1     1   0.1   0.2 0.002     2    67
BE_10    0.3   0.8   3.6     1   7.4    20 0.049 0.6711 0.9624  2.27   0.3  -2.3     8   0.1  2000  0.05   350  0.25 0.002     2   0.6 8e-05     1     1   0.1   0.2 0.002     2    67
BE_11    0.3   0.8   3.6     1   7.4    20 0.049 0.6711 0.9624  2.27   0.3  -2.3     8   0.1  2000  0.05   350  0.25 0.002     2   0.6 8e-05     1     1   0.1   0.2 0.002     2    67
BE_12    0.3   0.8   3.6     1   7.4    20 0.049 0.6711 0.9624  2.27   0.3  -2.3     8   0.1  2000  0.05   350  0.25 0.002     2   0.6 8e-05     1     1   0.1   0.2 0.002     2    67
BE_13    0.3   0.8   3.6     1   7.4    20 0.049 0.6711 0.9624  2.27   0.3  -2.3     8   0.1  2000  0.05   350  0.25 0.002     2   0.6 8e-05     1     1   0.1   0.2 0.002     2    67
BE_14    0.3   0.8   3.6     1   7.4    20 0.049 0.6711 0.9624  2.27   0.3  -2.3     8   0.1  2000  0.05   350  0.25 0.002     2   0.6 8e-05     1     1   0.1   0.2 0.002     2    67
BE_15    0.3   0.8   3.6     1   7.4    20 0.049 0.6711 0.9624  2.27   0.3  -2.3     8   0.1  2000  0.05   350  0.25 0.002     2   0.6 8e-05     1     1   0.1   0.2 0.002     2    67
BE_16    0.3   0.8   3.6     1   7.4    20 0.049 0.6711 0.9624  2.27   0.3  -2.3     8   0.1  2000  0.05   350  0.25 0.002     2   0.6 8e-05     1     1   0.1   0.2 0.002     2    67
BE_17    0.3   0.8   3.6     1   7.4    20 0.049 0.6711 0.9624  2.27   0.3  -2.3     8   0.1  2000  0.05   350  0.25 0.002     2   0.6 8e-05     1     1   0.1   0.2 0.002     2    67
BE_18    0.3   0.8   3.6     1   7.4    20 0.049 0.6711 0.9624  2.27   0.3  -2.3     8   0.1  2000  0.05   350  0.25 0.002     2   0.6 8e-05     1     1   0.1   0.2 0.002     2    67
BE_19    0.3   0.8   3.6     1   7.4    20 0.049 0.6711 0.9624  2.27   0.3  -2.3     8   0.1  2000  0.05   350  0.25 0.002     2   0.6 8e-05     1     1   0.1   0.2 0.002     2    67
BE_20    0.3   0.8   3.6     1   7.4    20 0.049 0.6711 0.9624  2.27   0.3  -2.3     8   0.1  2000  0.05   350  0.25 0.002     2   0.6 8e-05     1     1   0.1   0.2 0.002     2    67
BE_21    0.3   0.8   3.6     1   7.4    20 0.049 0.6711 0.9624  2.27   0.3  -2.3     8   0.1  2000  0.05   350  0.25 0.002     2   0.6 8e-05     1     1   0.1   0.2 0.002     2    67
BE_22    0.3   0.8   3.6     1   7.4    20 0.049 0.6711 0.9624  2.27   0.3  -2.3     8   0.1  2000  0.05   350  0.25 0.002     2   0.6 8e-05     1     1   0.1   0.2 0.002     2    67
BE_23    0.3   0.8   3.6     1   7.4    20 0.049 0.6711 0.9624  2.27   0.3  -2.3     8   0.1  2000  0.05   350  0.25 0.002     2   0.6 8e-05     1     1   0.1   0.2 0.002     2    67
BE_24    0.3   0.8   3.6     1   7.4    20 0.049 0.6711 0.9624  2.27   0.3  -2.3     8   0.1  2000  0.05   350  0.25 0.002     2   0.6 8e-05     1     1   0.1   0.2 0.002     2    67
BE_25    0.3   0.8   3.6     1   7.4    20 0.049 0.6711 0.9624  2.27   0.3  -2.3     8   0.1  2000  0.05   350  0.25 0.002     2   0.6 8e-05     1     1   0.1   0.2 0.002     2    67
BE_26    0.3   0.8   3.6     1   7.4    20 0.049 0.6711 0.9624  2.27   0.3  -2.3     8   0.1  2000  0.05   350  0.25 0.002     2   0.6 8e-05     1     1   0.1   0.2 0.002     2    67
