#Name Omega0 sigma8 WindEnergyIn1e51erg RadioFeedbackFactor VariableWindVelFactor RadioFeedbackReiorientationFactor OmegaBaryon HubbleParam n_s MaxSfrTimescale FactorForSofterEQS IMFslope SNII_MinMass_Msun ThermalWindFraction VariableWindSpecMomentum WindFreeTravelDensFac MinWindVel WindEnergyReductionFactor WindEnergyReductionMetallicity WindEnergyReductionExponent WindDumpFactor SeedBlackHoleMass BlackHoleAccretionFactor BlackHoleEddingtonFactor BlackHoleFeedbackFactor BlackHoleRadiativeEfficiency QuasarThreshold QuasarThresholdPower seed
1P_p1_n2    0.1   0.8   3.6     1   7.4    20 0.049 0.6711 0.9624  2.27   0.3  -2.3     8   0.1  0  0.05   350  0.25 0.002     2   0.6 8e-05     1     1   0.1   0.2 0.002     2    67
1P_p1_n1    0.2   0.8   3.6     1   7.4    20 0.049 0.6711 0.9624  2.27   0.3  -2.3     8   0.1  0  0.05   350  0.25 0.002     2   0.6 8e-05     1     1   0.1   0.2 0.002     2    67
1P_p1_0     0.3   0.8   3.6     1   7.4    20 0.049 0.6711 0.9624  2.27   0.3  -2.3     8   0.1  0  0.05   350  0.25 0.002     2   0.6 8e-05     1     1   0.1   0.2 0.002     2    67
1P_p1_1     0.4   0.8   3.6     1   7.4    20 0.049 0.6711 0.9624  2.27   0.3  -2.3     8   0.1  0  0.05   350  0.25 0.002     2   0.6 8e-05     1     1   0.1   0.2 0.002     2    67
1P_p1_2     0.5   0.8   3.6     1   7.4    20 0.049 0.6711 0.9624  2.27   0.3  -2.3     8   0.1  0  0.05   350  0.25 0.002     2   0.6 8e-05     1     1   0.1   0.2 0.002     2    67
1P_p2_n2    0.3   0.6   3.6     1   7.4    20 0.049 0.6711 0.9624  2.27   0.3  -2.3     8   0.1  0  0.05   350  0.25 0.002     2   0.6 8e-05     1     1   0.1   0.2 0.002     2    67
1P_p2_n1    0.3   0.7   3.6     1   7.4    20 0.049 0.6711 0.9624  2.27   0.3  -2.3     8   0.1  0  0.05   350  0.25 0.002     2   0.6 8e-05     1     1   0.1   0.2 0.002     2    67
1P_p2_0     0.3   0.8   3.6     1   7.4    20 0.049 0.6711 0.9624  2.27   0.3  -2.3     8   0.1  0  0.05   350  0.25 0.002     2   0.6 8e-05     1     1   0.1   0.2 0.002     2    67
1P_p2_1     0.3   0.9   3.6     1   7.4    20 0.049 0.6711 0.9624  2.27   0.3  -2.3     8   0.1  0  0.05   350  0.25 0.002     2   0.6 8e-05     1     1   0.1   0.2 0.002     2    67
1P_p2_2     0.3     1   3.6     1   7.4    20 0.049 0.6711 0.9624  2.27   0.3  -2.3     8   0.1  0  0.05   350  0.25 0.002     2   0.6 8e-05     1     1   0.1   0.2 0.002     2    67
1P_p3_n2    0.3   0.8   0.9     1   7.4    20 0.049 0.6711 0.9624  2.27   0.3  -2.3     8   0.1  0  0.05   350  0.25 0.002     2   0.6 8e-05     1     1   0.1   0.2 0.002     2    67
1P_p3_n1    0.3   0.8   1.8     1   7.4    20 0.049 0.6711 0.9624  2.27   0.3  -2.3     8   0.1  0  0.05   350  0.25 0.002     2   0.6 8e-05     1     1   0.1   0.2 0.002     2    67
1P_p3_0     0.3   0.8   3.6     1   7.4    20 0.049 0.6711 0.9624  2.27   0.3  -2.3     8   0.1  0  0.05   350  0.25 0.002     2   0.6 8e-05     1     1   0.1   0.2 0.002     2    67
1P_p3_1     0.3   0.8   7.2     1   7.4    20 0.049 0.6711 0.9624  2.27   0.3  -2.3     8   0.1  0  0.05   350  0.25 0.002     2   0.6 8e-05     1     1   0.1   0.2 0.002     2    67
1P_p3_2     0.3   0.8  14.4     1   7.4    20 0.049 0.6711 0.9624  2.27   0.3  -2.3     8   0.1  0  0.05   350  0.25 0.002     2   0.6 8e-05     1     1   0.1   0.2 0.002     2    67
1P_p4_n2    0.3   0.8   3.6  0.25   7.4    20 0.049 0.6711 0.9624  2.27   0.3  -2.3     8   0.1  0  0.05   350  0.25 0.002     2   0.6 8e-05     1     1   0.1   0.2 0.002     2    67
1P_p4_n1    0.3   0.8   3.6   0.5   7.4    20 0.049 0.6711 0.9624  2.27   0.3  -2.3     8   0.1  0  0.05   350  0.25 0.002     2   0.6 8e-05     1     1   0.1   0.2 0.002     2    67
1P_p4_0     0.3   0.8   3.6     1   7.4    20 0.049 0.6711 0.9624  2.27   0.3  -2.3     8   0.1  0  0.05   350  0.25 0.002     2   0.6 8e-05     1     1   0.1   0.2 0.002     2    67
1P_p4_1     0.3   0.8   3.6     2   7.4    20 0.049 0.6711 0.9624  2.27   0.3  -2.3     8   0.1  0  0.05   350  0.25 0.002     2   0.6 8e-05     1     1   0.1   0.2 0.002     2    67
1P_p4_2     0.3   0.8   3.6     4   7.4    20 0.049 0.6711 0.9624  2.27   0.3  -2.3     8   0.1  0  0.05   350  0.25 0.002     2   0.6 8e-05     1     1   0.1   0.2 0.002     2    67
1P_p5_n2    0.3   0.8   3.6     1   3.7    20 0.049 0.6711 0.9624  2.27   0.3  -2.3     8   0.1  0  0.05   350  0.25 0.002     2   0.6 8e-05     1     1   0.1   0.2 0.002     2    67
1P_p5_n1    0.3   0.8   3.6     1 5.233    20 0.049 0.6711 0.9624  2.27   0.3  -2.3     8   0.1  0  0.05   350  0.25 0.002     2   0.6 8e-05     1     1   0.1   0.2 0.002     2    67
1P_p5_0     0.3   0.8   3.6     1   7.4    20 0.049 0.6711 0.9624  2.27   0.3  -2.3     8   0.1  0  0.05   350  0.25 0.002     2   0.6 8e-05     1     1   0.1   0.2 0.002     2    67
1P_p5_1     0.3   0.8   3.6     1 10.47    20 0.049 0.6711 0.9624  2.27   0.3  -2.3     8   0.1  0  0.05   350  0.25 0.002     2   0.6 8e-05     1     1   0.1   0.2 0.002     2    67
1P_p5_2     0.3   0.8   3.6     1  14.8    20 0.049 0.6711 0.9624  2.27   0.3  -2.3     8   0.1  0  0.05   350  0.25 0.002     2   0.6 8e-05     1     1   0.1   0.2 0.002     2    67
1P_p6_n2    0.3   0.8   3.6     1   7.4    10 0.049 0.6711 0.9624  2.27   0.3  -2.3     8   0.1  0  0.05   350  0.25 0.002     2   0.6 8e-05     1     1   0.1   0.2 0.002     2    67
1P_p6_n1    0.3   0.8   3.6     1   7.4 14.14 0.049 0.6711 0.9624  2.27   0.3  -2.3     8   0.1  0  0.05   350  0.25 0.002     2   0.6 8e-05     1     1   0.1   0.2 0.002     2    67
1P_p6_0     0.3   0.8   3.6     1   7.4    20 0.049 0.6711 0.9624  2.27   0.3  -2.3     8   0.1  0  0.05   350  0.25 0.002     2   0.6 8e-05     1     1   0.1   0.2 0.002     2    67
1P_p6_1     0.3   0.8   3.6     1   7.4 28.28 0.049 0.6711 0.9624  2.27   0.3  -2.3     8   0.1  0  0.05   350  0.25 0.002     2   0.6 8e-05     1     1   0.1   0.2 0.002     2    67
1P_p6_2     0.3   0.8   3.6     1   7.4    40 0.049 0.6711 0.9624  2.27   0.3  -2.3     8   0.1  0  0.05   350  0.25 0.002     2   0.6 8e-05     1     1   0.1   0.2 0.002     2    67
1P_p7_n2    0.3   0.8   3.6     1   7.4    20 0.029 0.6711 0.9624  2.27   0.3  -2.3     8   0.1  0  0.05   350  0.25 0.002     2   0.6 8e-05     1     1   0.1   0.2 0.002     2    67
1P_p7_n1    0.3   0.8   3.6     1   7.4    20 0.039 0.6711 0.9624  2.27   0.3  -2.3     8   0.1  0  0.05   350  0.25 0.002     2   0.6 8e-05     1     1   0.1   0.2 0.002     2    67
1P_p7_0     0.3   0.8   3.6     1   7.4    20 0.049 0.6711 0.9624  2.27   0.3  -2.3     8   0.1  0  0.05   350  0.25 0.002     2   0.6 8e-05     1     1   0.1   0.2 0.002     2    67
1P_p7_1     0.3   0.8   3.6     1   7.4    20 0.059 0.6711 0.9624  2.27   0.3  -2.3     8   0.1  0  0.05   350  0.25 0.002     2   0.6 8e-05     1     1   0.1   0.2 0.002     2    67
1P_p7_2     0.3   0.8   3.6     1   7.4    20 0.069 0.6711 0.9624  2.27   0.3  -2.3     8   0.1  0  0.05   350  0.25 0.002     2   0.6 8e-05     1     1   0.1   0.2 0.002     2    67
1P_p8_n2    0.3   0.8   3.6     1   7.4    20 0.049 0.4711 0.9624  2.27   0.3  -2.3     8   0.1  0  0.05   350  0.25 0.002     2   0.6 8e-05     1     1   0.1   0.2 0.002     2    67
1P_p8_n1    0.3   0.8   3.6     1   7.4    20 0.049 0.5711 0.9624  2.27   0.3  -2.3     8   0.1  0  0.05   350  0.25 0.002     2   0.6 8e-05     1     1   0.1   0.2 0.002     2    67
1P_p8_0     0.3   0.8   3.6     1   7.4    20 0.049 0.6711 0.9624  2.27   0.3  -2.3     8   0.1  0  0.05   350  0.25 0.002     2   0.6 8e-05     1     1   0.1   0.2 0.002     2    67
1P_p8_1     0.3   0.8   3.6     1   7.4    20 0.049 0.7711 0.9624  2.27   0.3  -2.3     8   0.1  0  0.05   350  0.25 0.002     2   0.6 8e-05     1     1   0.1   0.2 0.002     2    67
1P_p8_2     0.3   0.8   3.6     1   7.4    20 0.049 0.8711 0.9624  2.27   0.3  -2.3     8   0.1  0  0.05   350  0.25 0.002     2   0.6 8e-05     1     1   0.1   0.2 0.002     2    67
1P_p9_n2    0.3   0.8   3.6     1   7.4    20 0.049 0.6711 0.7624  2.27   0.3  -2.3     8   0.1  0  0.05   350  0.25 0.002     2   0.6 8e-05     1     1   0.1   0.2 0.002     2    67
1P_p9_n1    0.3   0.8   3.6     1   7.4    20 0.049 0.6711 0.8624  2.27   0.3  -2.3     8   0.1  0  0.05   350  0.25 0.002     2   0.6 8e-05     1     1   0.1   0.2 0.002     2    67
1P_p9_0     0.3   0.8   3.6     1   7.4    20 0.049 0.6711 0.9624  2.27   0.3  -2.3     8   0.1  0  0.05   350  0.25 0.002     2   0.6 8e-05     1     1   0.1   0.2 0.002     2    67
1P_p9_1     0.3   0.8   3.6     1   7.4    20 0.049 0.6711 1.062   2.27   0.3  -2.3     8   0.1  0  0.05   350  0.25 0.002     2   0.6 8e-05     1     1   0.1   0.2 0.002     2    67
1P_p9_2     0.3   0.8   3.6     1   7.4    20 0.049 0.6711 1.162   2.27   0.3  -2.3     8   0.1  0  0.05   350  0.25 0.002     2   0.6 8e-05     1     1   0.1   0.2 0.002     2    67
1P_p10_n2   0.3   0.8   3.6     1   7.4    20 0.049 0.6711 0.9624 1.135   0.3  -2.3     8   0.1  0  0.05   350  0.25 0.002     2   0.6 8e-05     1     1   0.1   0.2 0.002     2    67
1P_p10_n1   0.3   0.8   3.6     1   7.4    20 0.049 0.6711 0.9624 1.605   0.3  -2.3     8   0.1  0  0.05   350  0.25 0.002     2   0.6 8e-05     1     1   0.1   0.2 0.002     2    67
1P_p10_0     0.3   0.8   3.6     1   7.4    20 0.049 0.6711 0.9624  2.27   0.3  -2.3     8   0.1  0  0.05   350  0.25 0.002     2   0.6 8e-05     1     1   0.1   0.2 0.002     2    67
1P_p10_1    0.3   0.8   3.6     1   7.4    20 0.049 0.6711 0.9624  3.21   0.3  -2.3     8   0.1  0  0.05   350  0.25 0.002     2   0.6 8e-05     1     1   0.1   0.2 0.002     2    67
1P_p10_2    0.3   0.8   3.6     1   7.4    20 0.049 0.6711 0.9624  4.54   0.3  -2.3     8   0.1  0  0.05   350  0.25 0.002     2   0.6 8e-05     1     1   0.1   0.2 0.002     2    67
1P_p11_n2   0.3   0.8   3.6     1   7.4    20 0.049 0.6711 0.9624  2.27   0.1  -2.3     8   0.1  0  0.05   350  0.25 0.002     2   0.6 8e-05     1     1   0.1   0.2 0.002     2    67
1P_p11_n1   0.3   0.8   3.6     1   7.4    20 0.049 0.6711 0.9624  2.27 0.1732 -2.3     8   0.1  0  0.05   350  0.25 0.002     2   0.6 8e-05     1     1   0.1   0.2 0.002     2    67
1P_p11_0     0.3   0.8   3.6     1   7.4    20 0.049 0.6711 0.9624  2.27   0.3  -2.3     8   0.1  0  0.05   350  0.25 0.002     2   0.6 8e-05     1     1   0.1   0.2 0.002     2    67
1P_p11_1    0.3   0.8   3.6     1   7.4    20 0.049 0.6711 0.9624  2.27 0.5196 -2.3     8   0.1  0  0.05   350  0.25 0.002     2   0.6 8e-05     1     1   0.1   0.2 0.002     2    67
1P_p11_2    0.3   0.8   3.6     1   7.4    20 0.049 0.6711 0.9624  2.27   0.9  -2.3     8   0.1  0  0.05   350  0.25 0.002     2   0.6 8e-05     1     1   0.1   0.2 0.002     2    67
1P_p12_n2   0.3   0.8   3.6     1   7.4    20 0.049 0.6711 0.9624  2.27   0.3  -2.8     8   0.1  0  0.05   350  0.25 0.002     2   0.6 8e-05     1     1   0.1   0.2 0.002     2    67
1P_p12_n1   0.3   0.8   3.6     1   7.4    20 0.049 0.6711 0.9624  2.27   0.3 -2.55     8   0.1  0  0.05   350  0.25 0.002     2   0.6 8e-05     1     1   0.1   0.2 0.002     2    67
1P_p12_0     0.3   0.8   3.6     1   7.4    20 0.049 0.6711 0.9624  2.27   0.3  -2.3     8   0.1  0  0.05   350  0.25 0.002     2   0.6 8e-05     1     1   0.1   0.2 0.002     2    67
1P_p12_1    0.3   0.8   3.6     1   7.4    20 0.049 0.6711 0.9624  2.27   0.3 -2.05     8   0.1  0  0.05   350  0.25 0.002     2   0.6 8e-05     1     1   0.1   0.2 0.002     2    67
1P_p12_2    0.3   0.8   3.6     1   7.4    20 0.049 0.6711 0.9624  2.27   0.3  -1.8     8   0.1  0  0.05   350  0.25 0.002     2   0.6 8e-05     1     1   0.1   0.2 0.002     2    67
1P_p13_n2   0.3   0.8   3.6     1   7.4    20 0.049 0.6711 0.9624  2.27   0.3  -2.3     4   0.1  0  0.05   350  0.25 0.002     2   0.6 8e-05     1     1   0.1   0.2 0.002     2    67
1P_p13_n1   0.3   0.8   3.6     1   7.4    20 0.049 0.6711 0.9624  2.27   0.3  -2.3     6   0.1  0  0.05   350  0.25 0.002     2   0.6 8e-05     1     1   0.1   0.2 0.002     2    67
1P_p13_0     0.3   0.8   3.6     1   7.4    20 0.049 0.6711 0.9624  2.27   0.3  -2.3     8   0.1  0  0.05   350  0.25 0.002     2   0.6 8e-05     1     1   0.1   0.2 0.002     2    67
1P_p13_1    0.3   0.8   3.6     1   7.4    20 0.049 0.6711 0.9624  2.27   0.3  -2.3    10   0.1  0  0.05   350  0.25 0.002     2   0.6 8e-05     1     1   0.1   0.2 0.002     2    67
1P_p13_2    0.3   0.8   3.6     1   7.4    20 0.049 0.6711 0.9624  2.27   0.3  -2.3    12   0.1  0  0.05   350  0.25 0.002     2   0.6 8e-05     1     1   0.1   0.2 0.002     2    67
1P_p14_n2   0.3   0.8   3.6     1   7.4    20 0.049 0.6711 0.9624  2.27   0.3  -2.3     8 0.025  0  0.05   350  0.25 0.002     2   0.6 8e-05     1     1   0.1   0.2 0.002     2    67
1P_p14_n1   0.3   0.8   3.6     1   7.4    20 0.049 0.6711 0.9624  2.27   0.3  -2.3     8  0.05  0  0.05   350  0.25 0.002     2   0.6 8e-05     1     1   0.1   0.2 0.002     2    67
1P_p14_0     0.3   0.8   3.6     1   7.4    20 0.049 0.6711 0.9624  2.27   0.3  -2.3     8   0.1  0  0.05   350  0.25 0.002     2   0.6 8e-05     1     1   0.1   0.2 0.002     2    67
1P_p14_1    0.3   0.8   3.6     1   7.4    20 0.049 0.6711 0.9624  2.27   0.3  -2.3     8   0.2  0  0.05   350  0.25 0.002     2   0.6 8e-05     1     1   0.1   0.2 0.002     2    67
1P_p14_2    0.3   0.8   3.6     1   7.4    20 0.049 0.6711 0.9624  2.27   0.3  -2.3     8   0.4  0  0.05   350  0.25 0.002     2   0.6 8e-05     1     1   0.1   0.2 0.002     2    67
1P_p15_0     0.3   0.8   3.6     1   7.4    20 0.049 0.6711 0.9624  2.27   0.3  -2.3     8   0.1 0    0.05   350  0.25 0.002     2   0.6 8e-05     1     1   0.1   0.2 0.002     2    67
1P_p15_1    0.3   0.8   3.6     1   7.4    20 0.049 0.6711 0.9624  2.27   0.3  -2.3     8   0.1  1000  0.05   350  0.25 0.002     2   0.6 8e-05     1     1   0.1   0.2 0.002     2    67
1P_p15_2    0.3   0.8   3.6     1   7.4    20 0.049 0.6711 0.9624  2.27   0.3  -2.3     8   0.1  2000  0.05   350  0.25 0.002     2   0.6 8e-05     1     1   0.1   0.2 0.002     2    67
1P_p15_3    0.3   0.8   3.6     1   7.4    20 0.049 0.6711 0.9624  2.27   0.3  -2.3     8   0.1  3000  0.05   350  0.25 0.002     2   0.6 8e-05     1     1   0.1   0.2 0.002     2    67
1P_p15_4    0.3   0.8   3.6     1   7.4    20 0.049 0.6711 0.9624  2.27   0.3  -2.3     8   0.1  4000  0.05   350  0.25 0.002     2   0.6 8e-05     1     1   0.1   0.2 0.002     2    67
1P_p16_n2   0.3   0.8   3.6     1   7.4    20 0.049 0.6711 0.9624  2.27   0.3  -2.3     8   0.1  0 0.005   350  0.25 0.002     2   0.6 8e-05     1     1   0.1   0.2 0.002     2    67
1P_p16_n1   0.3   0.8   3.6     1   7.4    20 0.049 0.6711 0.9624  2.27   0.3  -2.3     8   0.1  0 0.01581 350  0.25 0.002     2   0.6 8e-05     1     1   0.1   0.2 0.002     2    67
1P_p16_0     0.3   0.8   3.6     1   7.4    20 0.049 0.6711 0.9624  2.27   0.3  -2.3     8   0.1  0  0.05   350  0.25 0.002     2   0.6 8e-05     1     1   0.1   0.2 0.002     2    67
1P_p16_1    0.3   0.8   3.6     1   7.4    20 0.049 0.6711 0.9624  2.27   0.3  -2.3     8   0.1  0 0.1581  350  0.25 0.002     2   0.6 8e-05     1     1   0.1   0.2 0.002     2    67
1P_p16_2    0.3   0.8   3.6     1   7.4    20 0.049 0.6711 0.9624  2.27   0.3  -2.3     8   0.1  0   0.5   350  0.25 0.002     2   0.6 8e-05     1     1   0.1   0.2 0.002     2    67
1P_p17_n2   0.3   0.8   3.6     1   7.4    20 0.049 0.6711 0.9624  2.27   0.3  -2.3     8   0.1  0  0.05   150  0.25 0.002     2   0.6 8e-05     1     1   0.1   0.2 0.002     2    67
1P_p17_n1   0.3   0.8   3.6     1   7.4    20 0.049 0.6711 0.9624  2.27   0.3  -2.3     8   0.1  0  0.05   250  0.25 0.002     2   0.6 8e-05     1     1   0.1   0.2 0.002     2    67
1P_p17_0     0.3   0.8   3.6     1   7.4    20 0.049 0.6711 0.9624  2.27   0.3  -2.3     8   0.1  0  0.05   350  0.25 0.002     2   0.6 8e-05     1     1   0.1   0.2 0.002     2    67
1P_p17_1    0.3   0.8   3.6     1   7.4    20 0.049 0.6711 0.9624  2.27   0.3  -2.3     8   0.1  0  0.05   450  0.25 0.002     2   0.6 8e-05     1     1   0.1   0.2 0.002     2    67
1P_p17_2    0.3   0.8   3.6     1   7.4    20 0.049 0.6711 0.9624  2.27   0.3  -2.3     8   0.1  0  0.05   550  0.25 0.002     2   0.6 8e-05     1     1   0.1   0.2 0.002     2    67
1P_p18_n2   0.3   0.8   3.6     1   7.4    20 0.049 0.6711 0.9624  2.27   0.3  -2.3     8   0.1  0  0.05   350 0.0625 0.002    2   0.6 8e-05     1     1   0.1   0.2 0.002     2    67
1P_p18_n1   0.3   0.8   3.6     1   7.4    20 0.049 0.6711 0.9624  2.27   0.3  -2.3     8   0.1  0  0.05   350 0.125 0.002     2   0.6 8e-05     1     1   0.1   0.2 0.002     2    67
1P_p18_0     0.3   0.8   3.6     1   7.4    20 0.049 0.6711 0.9624  2.27   0.3  -2.3     8   0.1  0  0.05   350  0.25 0.002     2   0.6 8e-05     1     1   0.1   0.2 0.002     2    67
1P_p18_1    0.3   0.8   3.6     1   7.4    20 0.049 0.6711 0.9624  2.27   0.3  -2.3     8   0.1  0  0.05   350   0.5 0.002     2   0.6 8e-05     1     1   0.1   0.2 0.002     2    67
1P_p18_2    0.3   0.8   3.6     1   7.4    20 0.049 0.6711 0.9624  2.27   0.3  -2.3     8   0.1  0  0.05   350     1 0.002     2   0.6 8e-05     1     1   0.1   0.2 0.002     2    67
1P_p19_n2   0.3   0.8   3.6     1   7.4    20 0.049 0.6711 0.9624  2.27   0.3  -2.3     8   0.1  0  0.05   350  0.25 0.0005    2   0.6 8e-05     1     1   0.1   0.2 0.002     2    67
1P_p19_n1   0.3   0.8   3.6     1   7.4    20 0.049 0.6711 0.9624  2.27   0.3  -2.3     8   0.1  0  0.05   350  0.25 0.001     2   0.6 8e-05     1     1   0.1   0.2 0.002     2    67
1P_p19_0     0.3   0.8   3.6     1   7.4    20 0.049 0.6711 0.9624  2.27   0.3  -2.3     8   0.1  0  0.05   350  0.25 0.002     2   0.6 8e-05     1     1   0.1   0.2 0.002     2    67
1P_p19_1    0.3   0.8   3.6     1   7.4    20 0.049 0.6711 0.9624  2.27   0.3  -2.3     8   0.1  0  0.05   350  0.25 0.004     2   0.6 8e-05     1     1   0.1   0.2 0.002     2    67
1P_p19_2    0.3   0.8   3.6     1   7.4    20 0.049 0.6711 0.9624  2.27   0.3  -2.3     8   0.1  0  0.05   350  0.25 0.008     2   0.6 8e-05     1     1   0.1   0.2 0.002     2    67
1P_p20_n2   0.3   0.8   3.6     1   7.4    20 0.049 0.6711 0.9624  2.27   0.3  -2.3     8   0.1  0  0.05   350  0.25 0.002     1   0.6 8e-05     1     1   0.1   0.2 0.002     2    67
1P_p20_n1   0.3   0.8   3.6     1   7.4    20 0.049 0.6711 0.9624  2.27   0.3  -2.3     8   0.1  0  0.05   350  0.25 0.002   1.5   0.6 8e-05     1     1   0.1   0.2 0.002     2    67
1P_p20_0     0.3   0.8   3.6     1   7.4    20 0.049 0.6711 0.9624  2.27   0.3  -2.3     8   0.1  0  0.05   350  0.25 0.002     2   0.6 8e-05     1     1   0.1   0.2 0.002     2    67
1P_p20_1    0.3   0.8   3.6     1   7.4    20 0.049 0.6711 0.9624  2.27   0.3  -2.3     8   0.1  0  0.05   350  0.25 0.002   2.5   0.6 8e-05     1     1   0.1   0.2 0.002     2    67
1P_p20_2    0.3   0.8   3.6     1   7.4    20 0.049 0.6711 0.9624  2.27   0.3  -2.3     8   0.1  0  0.05   350  0.25 0.002     3   0.6 8e-05     1     1   0.1   0.2 0.002     2    67
1P_p21_n2   0.3   0.8   3.6     1   7.4    20 0.049 0.6711 0.9624  2.27   0.3  -2.3     8   0.1  0  0.05   350  0.25 0.002     2   0.2 8e-05     1     1   0.1   0.2 0.002     2    67
1P_p21_n1   0.3   0.8   3.6     1   7.4    20 0.049 0.6711 0.9624  2.27   0.3  -2.3     8   0.1  0  0.05   350  0.25 0.002     2   0.4 8e-05     1     1   0.1   0.2 0.002     2    67
1P_p21_0     0.3   0.8   3.6     1   7.4    20 0.049 0.6711 0.9624  2.27   0.3  -2.3     8   0.1  0  0.05   350  0.25 0.002     2   0.6 8e-05     1     1   0.1   0.2 0.002     2    67
1P_p21_1    0.3   0.8   3.6     1   7.4    20 0.049 0.6711 0.9624  2.27   0.3  -2.3     8   0.1  0  0.05   350  0.25 0.002     2   0.8 8e-05     1     1   0.1   0.2 0.002     2    67
1P_p21_2    0.3   0.8   3.6     1   7.4    20 0.049 0.6711 0.9624  2.27   0.3  -2.3     8   0.1  0  0.05   350  0.25 0.002     2     1 8e-05     1     1   0.1   0.2 0.002     2    67
1P_p22_n2   0.3   0.8   3.6     1   7.4    20 0.049 0.6711 0.9624  2.27   0.3  -2.3     8   0.1  0  0.05   350  0.25 0.002     2   0.6 2.532e-05 1     1   0.1   0.2 0.002     2    67
1P_p22_n1   0.3   0.8   3.6     1   7.4    20 0.049 0.6711 0.9624  2.27   0.3  -2.3     8   0.1  0  0.05   350  0.25 0.002     2   0.6 4.5e-05   1     1   0.1   0.2 0.002     2    67
1P_p22_0     0.3   0.8   3.6     1   7.4    20 0.049 0.6711 0.9624  2.27   0.3  -2.3     8   0.1  0  0.05   350  0.25 0.002     2   0.6 8e-05     1     1   0.1   0.2 0.002     2    67
1P_p22_1    0.3   0.8   3.6     1   7.4    20 0.049 0.6711 0.9624  2.27   0.3  -2.3     8   0.1  0  0.05   350  0.25 0.002     2   0.6 0.0001422 1     1   0.1   0.2 0.002     2    67
1P_p22_2    0.3   0.8   3.6     1   7.4    20 0.049 0.6711 0.9624  2.27   0.3  -2.3     8   0.1  0  0.05   350  0.25 0.002     2   0.6 0.0002528 1     1   0.1   0.2 0.002     2    67
1P_p23_n2   0.3   0.8   3.6     1   7.4    20 0.049 0.6711 0.9624  2.27   0.3  -2.3     8   0.1  0  0.05   350  0.25 0.002     2   0.6 8e-05  0.25     1   0.1   0.2 0.002     2    67
1P_p23_n1   0.3   0.8   3.6     1   7.4    20 0.049 0.6711 0.9624  2.27   0.3  -2.3     8   0.1  0  0.05   350  0.25 0.002     2   0.6 8e-05   0.5     1   0.1   0.2 0.002     2    67
1P_p23_0     0.3   0.8   3.6     1   7.4    20 0.049 0.6711 0.9624  2.27   0.3  -2.3     8   0.1  0  0.05   350  0.25 0.002     2   0.6 8e-05     1     1   0.1   0.2 0.002     2    67
1P_p23_1    0.3   0.8   3.6     1   7.4    20 0.049 0.6711 0.9624  2.27   0.3  -2.3     8   0.1  0  0.05   350  0.25 0.002     2   0.6 8e-05     2     1   0.1   0.2 0.002     2    67
1P_p23_2    0.3   0.8   3.6     1   7.4    20 0.049 0.6711 0.9624  2.27   0.3  -2.3     8   0.1  0  0.05   350  0.25 0.002     2   0.6 8e-05     4     1   0.1   0.2 0.002     2    67
1P_p24_n2   0.3   0.8   3.6     1   7.4    20 0.049 0.6711 0.9624  2.27   0.3  -2.3     8   0.1  0  0.05   350  0.25 0.002     2   0.6 8e-05     1   0.1   0.1   0.2 0.002     2    67
1P_p24_n1   0.3   0.8   3.6     1   7.4    20 0.049 0.6711 0.9624  2.27   0.3  -2.3     8   0.1  0  0.05   350  0.25 0.002     2   0.6 8e-05     1 0.3162  0.1   0.2 0.002     2    67
1P_p24_0     0.3   0.8   3.6     1   7.4    20 0.049 0.6711 0.9624  2.27   0.3  -2.3     8   0.1  0  0.05   350  0.25 0.002     2   0.6 8e-05     1     1   0.1   0.2 0.002     2    67
1P_p24_1    0.3   0.8   3.6     1   7.4    20 0.049 0.6711 0.9624  2.27   0.3  -2.3     8   0.1  0  0.05   350  0.25 0.002     2   0.6 8e-05     1 3.162   0.1   0.2 0.002     2    67
1P_p24_2    0.3   0.8   3.6     1   7.4    20 0.049 0.6711 0.9624  2.27   0.3  -2.3     8   0.1  0  0.05   350  0.25 0.002     2   0.6 8e-05     1    10   0.1   0.2 0.002     2    67
1P_p25_n2   0.3   0.8   3.6     1   7.4    20 0.049 0.6711 0.9624  2.27   0.3  -2.3     8   0.1  0  0.05   350  0.25 0.002     2   0.6 8e-05     1     1 0.025   0.2 0.002     2    67
1P_p25_n1   0.3   0.8   3.6     1   7.4    20 0.049 0.6711 0.9624  2.27   0.3  -2.3     8   0.1  0  0.05   350  0.25 0.002     2   0.6 8e-05     1     1  0.05   0.2 0.002     2    67
1P_p25_0     0.3   0.8   3.6     1   7.4    20 0.049 0.6711 0.9624  2.27   0.3  -2.3     8   0.1  0  0.05   350  0.25 0.002     2   0.6 8e-05     1     1   0.1   0.2 0.002     2    67
1P_p25_1    0.3   0.8   3.6     1   7.4    20 0.049 0.6711 0.9624  2.27   0.3  -2.3     8   0.1  0  0.05   350  0.25 0.002     2   0.6 8e-05     1     1   0.2   0.2 0.002     2    67
1P_p25_2    0.3   0.8   3.6     1   7.4    20 0.049 0.6711 0.9624  2.27   0.3  -2.3     8   0.1  0  0.05   350  0.25 0.002     2   0.6 8e-05     1     1   0.4   0.2 0.002     2    67
1P_p26_n2   0.3   0.8   3.6     1   7.4    20 0.049 0.6711 0.9624  2.27   0.3  -2.3     8   0.1  0  0.05   350  0.25 0.002     2   0.6 8e-05     1     1   0.1  0.05 0.002     2    67
1P_p26_n1   0.3   0.8   3.6     1   7.4    20 0.049 0.6711 0.9624  2.27   0.3  -2.3     8   0.1  0  0.05   350  0.25 0.002     2   0.6 8e-05     1     1   0.1   0.1 0.002     2    67
1P_p26_0     0.3   0.8   3.6     1   7.4    20 0.049 0.6711 0.9624  2.27   0.3  -2.3     8   0.1  0  0.05   350  0.25 0.002     2   0.6 8e-05     1     1   0.1   0.2 0.002     2    67
1P_p26_1    0.3   0.8   3.6     1   7.4    20 0.049 0.6711 0.9624  2.27   0.3  -2.3     8   0.1  0  0.05   350  0.25 0.002     2   0.6 8e-05     1     1   0.1   0.4 0.002     2    67
1P_p26_2    0.3   0.8   3.6     1   7.4    20 0.049 0.6711 0.9624  2.27   0.3  -2.3     8   0.1  0  0.05   350  0.25 0.002     2   0.6 8e-05     1     1   0.1   0.8 0.002     2    67
1P_p27_n2   0.3   0.8   3.6     1   7.4    20 0.049 0.6711 0.9624  2.27   0.3  -2.3     8   0.1  0  0.05   350  0.25 0.002     2   0.6 8e-05     1     1   0.1   0.2 6.33e-05  2    67
1P_p27_n1   0.3   0.8   3.6     1   7.4    20 0.049 0.6711 0.9624  2.27   0.3  -2.3     8   0.1  0  0.05   350  0.25 0.002     2   0.6 8e-05     1     1   0.1   0.2 0.0003558 2    67
1P_p27_0     0.3   0.8   3.6     1   7.4    20 0.049 0.6711 0.9624  2.27   0.3  -2.3     8   0.1  0  0.05   350  0.25 0.002     2   0.6 8e-05     1     1   0.1   0.2 0.002     2    67
1P_p27_1    0.3   0.8   3.6     1   7.4    20 0.049 0.6711 0.9624  2.27   0.3  -2.3     8   0.1  0  0.05   350  0.25 0.002     2   0.6 8e-05     1     1   0.1   0.2 0.01124   2    67
1P_p27_2    0.3   0.8   3.6     1   7.4    20 0.049 0.6711 0.9624  2.27   0.3  -2.3     8   0.1  0  0.05   350  0.25 0.002     2   0.6 8e-05     1     1   0.1   0.2 0.0632    2    67
1P_p28_n2   0.3   0.8   3.6     1   7.4    20 0.049 0.6711 0.9624  2.27   0.3  -2.3     8   0.1  0  0.05   350  0.25 0.002     2   0.6 8e-05     1     1   0.1   0.2 0.002     0    67
1P_p28_n1   0.3   0.8   3.6     1   7.4    20 0.049 0.6711 0.9624  2.27   0.3  -2.3     8   0.1  0  0.05   350  0.25 0.002     2   0.6 8e-05     1     1   0.1   0.2 0.002     1    67
1P_p28_0     0.3   0.8   3.6     1   7.4    20 0.049 0.6711 0.9624  2.27   0.3  -2.3     8   0.1  0  0.05   350  0.25 0.002     2   0.6 8e-05     1     1   0.1   0.2 0.002     2    67
1P_p28_1    0.3   0.8   3.6     1   7.4    20 0.049 0.6711 0.9624  2.27   0.3  -2.3     8   0.1  0  0.05   350  0.25 0.002     2   0.6 8e-05     1     1   0.1   0.2 0.002     3    67
1P_p28_2    0.3   0.8   3.6     1   7.4    20 0.049 0.6711 0.9624  2.27   0.3  -2.3     8   0.1  0  0.05   350  0.25 0.002     2   0.6 8e-05     1     1   0.1   0.2 0.002     4    67
