0.14620 0.62420 2.87986 0.57995 0.91447 0.69786
0.11980 0.79260 1.46815 2.03073 0.58601 0.90063
0.42260 0.90340 2.59188 0.37113 0.56370 1.33700
0.23980 0.71820 2.09943 0.37945 1.80876 1.08147
0.37420 0.89100 0.26316 2.93630 1.59660 1.09505
0.11740 0.71460 1.98618 2.22530 1.19168 1.53368
0.12020 0.79580 0.54715 0.54261 1.54221 0.80608
0.34380 0.63660 1.20916 2.70195 0.70174 1.16231
0.40180 0.76260 1.87384 1.06733 0.55440 1.40932
0.20620 0.76500 0.88148 0.33868 0.78731 1.75443
0.16020 0.81420 0.86694 2.81669 1.06363 1.42109
0.47540 0.83460 0.93952 1.23628 1.45700 1.35566
0.29140 0.61300 1.06733 0.48835 1.74473 1.98756
0.26900 0.66220 1.62676 3.32649 0.97468 0.88332
0.39460 0.77180 0.64797 0.34246 0.50243 1.16716
0.17620 0.84420 2.01950 2.06480 1.00626 1.32042
0.16580 0.64420 1.68179 2.43176 1.52732 1.05922
0.28020 0.74340 3.68586 1.31403 1.31312 0.58601
0.45780 0.80940 2.19466 0.74432 0.74175 1.27368
0.30620 0.94460 1.99723 0.90375 0.86754 0.67596
0.13980 0.71660 0.87904 2.40494 1.50212 0.92980
0.13420 0.81940 1.56482 0.50488 1.17365 0.84733
0.17380 0.80340 0.99309 1.64490 1.07252 0.87721
0.36420 0.95940 0.52196 1.03240 1.34257 1.32593
0.19660 0.69340 2.28153 0.35998 1.93858 0.88577
0.32260 0.94300 0.42514 0.25244 0.93887 0.79169
0.17980 0.96700 2.55620 0.45439 0.80944 0.76049
0.38180 0.82140 0.81338 1.78757 1.09051 0.70858
0.26700 0.93140 0.34724 0.91383 1.45095 0.55363
0.15700 0.84540 2.23148 1.55617 0.99240 0.91447
0.13700 0.79660 1.34350 0.89131 1.41519 0.65565
0.49780 0.65500 0.28678 0.89379 1.86995 0.51157
0.29980 0.94940 0.84792 0.40556 0.60416 0.70368
0.47780 0.84060 0.25455 0.51192 1.19665 1.02314
0.25380 0.78060 1.29235 0.39447 1.44093 0.69496
0.27260 0.69380 1.19251 1.84293 1.44493 1.01045
0.28940 0.70500 2.10526 0.52778 0.63244 1.40737
0.11100 0.73060 0.65520 1.09429 1.00765 0.71747
0.46180 0.66300 3.11234 1.62225 0.89565 1.30405
0.31780 0.75580 3.64521 0.56566 1.37459 0.54224
0.27380 0.76300 1.21251 2.30058 1.79876 1.38799
0.41940 0.78300 0.35601 0.31952 0.75002 0.62981
0.11220 0.98660 1.65405 0.58156 1.80375 0.93368
0.18460 0.99340 1.65864 0.63905 1.44293 0.53034
0.29620 0.96740 2.07628 0.51763 0.53552 1.71594
0.31820 0.89420 3.83174 3.65533 0.84968 1.19003
0.33500 0.76540 1.04391 1.57352 0.74278 1.37268
0.41900 0.68660 0.75471 0.49655 1.06807 0.87115
0.47660 0.97140 0.85738 0.97131 0.79941 0.70760
0.22780 0.87900 2.93630 0.96059 1.22519 0.63861
0.25900 0.93900 1.17609 3.14705 1.84165 0.52087
0.26780 0.87300 0.29566 1.32134 0.79059 1.96837
0.41380 0.89140 1.35097 3.69609 0.76578 0.53775
0.16860 0.72700 2.00834 2.12874 0.59337 0.64305
0.38460 0.94700 0.68302 1.17936 0.82645 0.83683
0.19020 0.80300 0.43467 0.55787 0.92466 0.81169
0.41660 0.75380 0.37945 2.70945 0.94278 0.59091
0.38740 0.69460 0.60626 1.16312 1.30767 0.69112
0.19140 0.77140 0.94213 1.27810 1.28788 1.98481
0.47820 0.89540 0.37423 0.83625 0.84031 0.52449
0.42580 0.65140 0.33033 0.78676 0.71351 0.60332
0.17500 0.97380 1.02954 1.85832 1.51047 1.02456
0.23900 0.66260 2.14652 0.30229 0.69979 0.54074
0.14180 0.87180 0.45692 2.45888 0.82074 0.54905
0.17740 0.95420 0.25384 0.88638 0.78079 0.76897
0.29220 0.75700 3.21763 1.27456 0.96126 1.90132
0.30420 0.60140 1.36226 0.31425 1.62789 1.60103
0.14740 0.96660 0.98760 0.29240 1.45297 0.55826
0.11900 0.77220 1.20581 1.26751 1.06216 0.57316
0.24180 0.69020 0.42869 2.63536 0.85797 1.89605
0.33700 0.89380 1.89474 0.47897 1.13210 1.87514
0.25340 0.67380 0.29813 1.27103 1.15749 0.56683
0.21020 0.85620 2.15846 1.05555 1.20832 1.59218
0.14340 0.79460 1.03240 0.25104 1.21672 1.53794
0.27940 0.60660 0.25174 0.41581 0.59255 0.61600
0.13780 0.66700 1.11884 1.76786 1.91720 0.50593
0.39780 0.87020 0.45188 0.59625 0.95727 1.60993
0.10180 0.75220 0.41351 1.59992 0.79719 1.24229
0.19060 0.92340 1.08824 0.97942 0.53775 1.25440
0.38820 0.65020 0.62330 1.54756 1.98756 0.72347
0.45460 0.90260 3.25352 0.33681 0.67502 1.31677
0.32340 0.85780 1.45599 1.70527 0.61857 0.56448
0.35740 0.98060 0.53812 0.45692 1.92252 0.75733
0.33580 0.63060 3.14705 0.27357 0.66021 0.69689
0.15140 0.98620 0.32669 3.58507 1.66440 0.78079
0.25940 0.68620 0.32309 0.37527 0.84499 1.19499
0.23460 0.70740 3.12965 0.40444 1.40542 0.63420
0.30060 0.72500 0.64618 2.37841 1.09202 1.02740
0.48100 0.89700 2.54206 3.31728 1.63694 0.81394
0.33420 0.85300 1.80250 0.52196 1.21167 1.33145
0.13300 0.67740 0.60290 0.56253 1.34630 1.75200
0.28140 0.67540 3.22657 0.98214 0.99931 1.32225
0.46740 0.91580 0.95794 0.62851 1.38607 0.72850
0.41700 0.81540 2.06480 1.41618 0.65293 1.05482
0.28220 0.82540 1.57352 0.48971 1.74715 1.15589
0.17060 0.74820 0.97131 0.52341 1.89868 1.17854
0.35900 0.76700 0.28997 1.11574 0.83220 0.82188
0.46860 0.73220 3.96137 2.35871 1.94936 1.68063
0.31300 0.85540 0.50488 1.22264 1.16554 1.93053
0.20140 0.89660 0.29648 0.26389 0.68160 1.27899
0.33860 0.63700 1.17283 3.22657 1.43296 0.79609
0.25740 0.78860 1.88949 2.00277 1.15910 1.70882
0.14980 0.64100 2.04769 1.40444 1.16716 0.75002
0.16780 0.62900 1.08222 0.38262 0.76366 1.06807
0.34900 0.71420 1.95884 0.47107 1.79129 1.14314
0.27540 0.76420 0.29978 3.08656 0.73560 1.77154
0.30780 0.73820 0.39777 0.93692 0.60836 0.93109
0.41860 0.76900 0.49792 0.76313 1.25440 1.81882
0.49940 0.71060 1.43594 1.40834 1.81378 1.55079
0.42540 0.62860 3.20872 0.87904 0.54149 1.72071
0.33620 0.91140 0.80218 1.00696 1.82893 0.54753
0.39860 0.86620 0.73611 3.04407 1.77154 0.68349
0.33740 0.67500 1.33237 1.07624 1.92519 1.39571
0.31460 0.83580 2.03073 1.05848 0.81169 1.55725
0.18540 0.60860 0.47237 0.69064 1.02883 0.90438
0.25060 0.79180 0.31252 2.21914 0.57955 1.40153
0.12660 0.84980 1.22264 1.42011 1.52944 1.35191
0.29300 0.89460 2.79336 1.02954 1.52309 1.44293
0.18740 0.77020 1.69584 3.83174 1.01889 1.86219
0.36860 0.60020 0.94475 0.60290 0.76154 0.80832
0.40820 0.71140 2.47942 0.36098 1.39765 1.74957
0.23180 0.88140 0.55478 1.75321 1.30044 1.42306
0.30020 0.87780 0.82702 0.35209 0.56841 1.03742
0.29460 0.75740 1.90000 0.62677 1.76908 1.55941
0.39420 0.63940 1.05555 3.64521 1.05922 0.51727
0.41020 0.74380 2.62079 0.39121 0.51086 1.05044
0.35140 0.65860 1.33978 0.99585 0.82531 0.84499
0.14420 0.66100 0.78025 1.07326 0.69112 0.68444
0.15820 0.62540 0.78676 2.08782 0.50313 0.99378
0.43300 0.75940 0.26462 0.41351 0.52961 0.77218
0.43660 0.99820 1.42800 1.30315 0.52232 1.25093
0.40860 0.63460 1.27103 0.49380 1.35943 1.49589
0.15420 0.78380 1.93187 3.25352 1.30949 1.46104
0.10460 0.67220 1.71475 2.31980 0.84616 1.57899
0.32900 0.97020 1.24315 1.15349 1.78139 1.13682
0.10700 0.91820 1.31403 3.06099 1.90660 1.56374
0.20340 0.63380 0.43227 0.26243 1.61217 0.54374
0.37100 0.99500 1.84293 0.30397 1.03455 1.39185
0.39740 0.75260 1.69114 2.15248 1.24229 1.03455
0.41820 0.80580 1.33607 0.32760 0.79609 0.71549
0.37260 0.88300 1.22944 0.43107 1.74957 0.79719
0.33220 0.80820 0.39667 0.79333 1.41323 0.55057
0.11780 0.82660 1.53050 0.35111 1.10114 0.65656
0.36700 0.73260 1.50943 2.39164 1.06659 1.29684
0.21100 0.94740 0.66619 0.42750 1.46104 1.33886
0.12180 0.86260 1.06142 1.21588 1.26313 0.51441
0.28980 0.93820 0.38582 0.42988 1.61664 0.82760
0.35020 0.66780 1.73869 3.71664 0.60584 1.17691
0.46500 0.87500 0.75262 2.72452 1.23029 0.50035
0.10900 0.91900 0.52924 0.91637 0.61429 1.80375
0.33660 0.89620 1.56917 0.92146 1.78386 1.76663
0.48220 0.79780 0.98487 1.42800 0.63772 1.30767
0.43140 0.87140 1.81756 0.33588 0.59915 1.21167
0.15220 0.82260 0.90125 2.76255 1.24920 1.51887
0.41420 0.74140 0.50069 0.93952 0.99378 1.34257
0.28660 0.86300 2.85601 2.91198 0.72548 0.69303
0.16700 0.68100 0.42988 0.61132 1.66671 1.53156
0.22020 0.94500 2.31338 3.11234 0.54601 1.57680
0.29420 0.99140 0.81564 0.27816 0.54753 0.53329
0.28780 0.91260 0.69255 1.70055 1.50004 0.97333
0.31260 0.96780 0.25882 2.20076 1.71356 0.55133
0.10420 0.65380 0.61985 1.15029 0.85323 1.19665
0.47380 0.61020 2.20687 3.48703 1.35191 1.17040
0.23420 0.76460 0.50909 0.25810 0.55671 0.58520
0.20940 0.71860 0.84090 2.54912 1.27544 0.67502
0.42140 0.68460 1.92652 1.66786 0.88700 0.94803
0.16900 0.72060 0.70222 3.53571 0.56920 1.38032
0.25500 0.80980 0.59132 0.64082 1.58557 0.52668
0.11260 0.80780 0.47632 1.92652 0.90313 1.82893
0.44020 0.96580 1.49278 0.38904 1.13997 1.01466
0.35580 0.69540 1.18921 2.48630 1.04030 1.35943
0.23300 0.95740 1.31039 1.93187 0.71648 1.47121
0.39020 0.80140 0.38904 1.21926 0.50945 1.38992
0.43780 0.66980 0.54563 0.60794 1.62113 0.95993
0.43020 0.64820 2.17046 2.09943 0.56605 0.51513
0.38500 0.61900 0.28126 0.78241 1.04754 1.64832
0.23500 0.99980 0.79775 3.81055 0.64127 1.14949
0.27140 0.77380 1.00417 0.74639 0.98966 0.69207
0.22140 0.96820 3.66547 0.36299 1.38799 0.79388
0.12700 0.72540 2.44528 0.40669 0.86874 0.58682
0.46380 0.93660 2.47255 3.20872 1.00069 1.88818
0.38780 0.90740 0.47897 2.23148 1.97110 0.56605
0.39380 0.66140 1.08523 0.64977 1.44894 0.89689
0.48140 0.97940 2.70945 1.51782 0.78840 1.28076
0.10780 0.64940 2.81669 1.88426 0.61942 1.10726
0.44180 0.78540 3.42950 3.51616 1.23371 0.81847
0.24140 0.60260 0.83162 0.50208 0.72951 0.53255
0.31620 0.99220 2.28786 1.50108 0.91320 0.50243
0.28620 0.63860 2.46570 1.85318 1.40932 1.24057
0.30740 0.69580 1.82260 0.77378 0.98282 1.43694
0.31060 0.91460 1.40834 0.99034 0.53403 1.92786
0.13860 0.72900 2.48630 0.34724 0.91193 1.84676
0.24740 0.94860 2.39828 1.36604 0.91700 0.62287
0.38420 0.86860 0.62503 0.65702 1.59218 0.95066
0.41500 0.88580 0.73002 1.29235 0.59832 0.55981
0.46980 0.64900 3.87447 2.84810 0.64216 0.54149
0.48780 0.75900 3.75809 1.06437 0.57634 1.28610
0.23580 0.92140 1.98069 2.59908 0.83799 1.06069
0.21900 0.77420 0.77809 2.99385 1.03598 0.62720
0.43340 0.91660 0.26026 0.73611 1.72788 0.92210
0.14500 0.83500 0.47500 0.90125 0.77218 1.42504
0.49660 0.81380 0.59460 2.88786 0.89938 0.70076
0.47260 0.97740 1.51782 1.99723 1.70645 0.62807
0.49180 0.79340 1.47631 1.78262 0.75210 1.00208
0.18500 0.90940 2.57755 0.32219 0.58358 1.15749
0.30540 0.93780 1.15349 1.25701 0.50804 0.69979
0.31540 0.77620 0.35700 2.33270 1.25788 1.47529
0.35700 0.66740 0.25104 0.80441 1.73027 1.87774
0.29380 0.85860 1.64490 0.71598 1.36320 1.94666
0.35260 0.93580 0.38262 0.51907 1.72548 1.58118
0.43180 0.66540 1.29594 3.49671 1.12117 0.93498
0.41540 0.76740 2.24389 0.31600 1.08147 1.71356
0.26660 0.82060 0.55787 3.90683 0.59999 0.78731
0.45020 0.84180 0.26832 1.68646 0.81960 0.72146
0.44740 0.98220 0.96059 2.97729 0.97198 0.77862
0.40700 0.96300 2.51403 0.45063 0.52015 1.30224
0.47940 0.98820 1.10957 2.45207 1.53156 0.58116
0.26260 0.63180 2.32624 0.39777 1.30405 0.77004
0.48300 0.65180 2.58471 0.36704 0.77004 0.96661
0.49020 0.98700 0.29730 1.10038 0.69400 1.18509
0.35340 0.86460 0.30736 0.48700 0.63069 1.29146
0.33900 0.81340 0.44319 0.53366 1.56591 0.88454
0.11020 0.98260 0.41928 0.48565 0.84851 1.45498
0.44060 0.65580 0.66250 1.29594 1.37650 0.58035
0.43740 0.97340 0.42279 2.85601 1.09354 0.93757
0.24900 0.68540 3.95040 2.50012 0.60668 1.85961
0.16300 0.92820 1.66324 0.51620 1.18674 1.69466
0.33300 0.60060 0.79114 0.96862 1.12896 0.68160
0.42620 0.91740 3.73731 0.59296 1.64832 0.67036
0.11500 0.82620 1.07923 1.60882 1.33515 1.04608
0.10300 0.93420 0.63905 0.30481 0.52304 0.74484
0.38660 0.77820 0.30229 0.42279 1.46713 1.09657
0.21660 0.89340 0.92916 0.64618 0.61259 1.17365
0.22540 0.72300 2.04202 1.57789 1.39378 1.89868
0.10740 0.69780 0.72799 3.84238 0.72648 0.53626
0.26500 0.79860 3.38229 1.04972 0.83451 1.12740
0.22620 0.69660 0.27586 3.99446 1.93589 0.63772
0.22100 0.87460 0.37736 0.80664 0.71252 1.54864
0.33180 0.93100 0.47369 2.07628 0.56214 0.92466
0.40100 0.70100 1.58227 0.52486 1.30586 0.50523
0.24380 0.82020 0.43952 0.94213 1.22010 1.30044
0.12340 0.66380 0.44442 0.65884 0.60921 0.60836
0.34740 0.93220 3.70635 2.95263 0.88332 0.74175
0.41220 0.86740 3.84238 0.32851 0.69016 1.40542
0.18980 0.73540 1.50108 0.41123 0.61344 1.76908
0.43220 0.61860 3.33572 3.30809 1.29504 0.53477
0.23140 0.65100 0.97942 1.25353 0.77111 1.04464
0.19420 0.85100 1.75321 0.29648 1.46510 1.15910
0.15460 0.85420 0.58479 0.61472 1.08900 1.59660
0.46660 0.74300 0.56409 2.47942 1.81882 1.27015
0.12620 0.82380 2.00277 2.23767 1.34071 1.02598
0.41180 0.92500 0.29895 0.50348 1.25266 1.73027
0.36340 0.98540 0.40109 1.36983 1.65290 1.06659
0.27900 0.74660 2.30058 2.60629 0.96661 1.15269
0.40020 0.67420 1.04102 1.42405 0.61515 0.83451
0.31580 0.83100 0.34341 2.74727 0.58439 0.51228
0.43820 0.81860 3.45815 1.08222 1.10573 1.24574
0.13580 0.70180 0.91637 2.98556 1.11188 1.07400
0.23100 0.62460 3.90683 2.66475 0.90063 1.21672
0.18620 0.80380 0.40669 2.67215 0.58845 1.21504
0.40260 0.68380 0.37527 1.11265 0.64573 1.37650
0.30580 0.67140 0.31079 2.24389 1.03311 1.68529
0.27660 0.69940 1.27456 1.69114 1.42899 0.64127
0.36780 0.81580 3.57514 0.45188 0.87965 0.60249
0.36260 0.73420 3.92856 2.67957 1.17040 0.77432
0.25660 0.87980 0.34151 1.49278 0.83683 0.55903
0.24780 0.67820 0.34532 1.20581 1.71832 0.92852
0.11940 0.63740 0.34056 1.33978 0.53108 0.75838
0.29260 0.94660 2.86394 0.97671 0.69689 0.57794
0.35300 0.87940 0.43107 0.26906 0.76684 1.35004
0.11660 0.74020 0.46458 1.13446 0.88577 1.59438
0.38620 0.81060 3.37292 2.65737 1.54007 1.70645
0.28100 0.75780 3.28069 0.37216 1.38223 1.19997
0.18300 0.91860 0.99585 3.61501 1.18345 0.81507
0.27500 0.86900 1.53475 2.21299 1.78633 1.46307
0.34700 0.68060 0.27739 2.27521 0.86155 1.48144
0.44580 0.90300 0.60963 3.47738 1.15109 1.71832
0.36060 0.85380 2.84810 0.31776 0.65384 1.52098
0.15780 0.75500 2.98556 2.53503 0.62981 0.82645
0.40940 0.76380 2.65737 0.41466 1.63241 1.63241
0.34140 0.93340 0.76102 2.51403 1.49589 1.99308
0.28380 0.92900 2.71697 0.35601 0.60752 0.88209
0.41740 0.84740 0.27433 1.65864 0.61600 0.58358
0.45820 0.95260 0.92402 0.64797 1.54649 1.65061
0.28300 0.66860 1.28521 3.12965 0.63332 0.70466
0.32100 0.69980 3.98340 0.58479 0.51441 0.71847
0.27580 0.96180 0.31338 0.88884 1.53581 0.69400
0.43060 0.60300 0.80441 3.67565 0.68920 1.63694
0.14100 0.85220 1.13446 3.42950 0.63420 1.55294
0.20740 0.95380 0.39998 1.94261 0.56527 1.23200
0.37140 0.90900 0.35899 1.21251 1.46307 1.18017
0.31180 0.99420 0.89876 0.25739 0.54525 1.50838
0.49260 0.88420 0.99034 0.44689 1.64148 0.54677
0.29780 0.81460 1.13761 2.43851 0.72749 1.22010
0.25580 0.61580 1.54328 3.77899 1.55509 1.30586
0.14900 0.63260 0.51620 1.35097 1.29864 0.90689
0.24420 0.87620 0.45818 1.28877 0.81507 1.11188
0.16100 0.79420 2.61353 3.59502 1.77399 1.66440
0.27100 0.61740 0.33309 1.08523 1.01326 1.10114
0.27980 0.70980 0.97400 1.89474 1.20164 1.13524
0.26140 0.98460 0.39887 2.75490 0.97333 1.33330
0.32620 0.75860 0.40220 1.99170 0.56999 1.26839
0.24620 0.72780 3.15579 0.75681 1.47939 1.88035
0.15940 0.62780 0.98214 0.49517 1.10880 1.65290
0.19260 0.64180 1.74836 0.54412 0.51157 0.80497
0.45700 0.86940 2.29421 1.84805 1.75443 0.57955
0.25100 0.84500 2.07053 0.85263 0.67783 0.63596
0.37500 0.64460 0.31688 0.61302 0.63508 0.55748
0.36100 0.90620 0.72196 2.00834 0.51727 1.39959
0.22260 0.74500 3.44857 3.78948 0.52741 1.83401
0.19220 0.73140 1.03814 0.68302 0.99516 1.11806
0.10860 0.70660 2.49320 1.86348 0.59502 0.86155
0.17540 0.92700 3.40110 0.43952 1.51677 1.91454
0.12420 0.68500 0.36400 1.01819 0.55903 0.83799
0.16140 0.61540 0.42632 3.72696 0.73357 1.84421
0.34220 0.81140 1.38511 0.85976 0.54677 1.90396
0.16340 0.83260 2.64268 2.92817 0.76791 1.60547
0.45940 0.78020 1.19914 1.98069 0.67689 1.87254
0.49980 0.69740 0.55172 0.91130 1.03168 1.52520
0.49860 0.60940 1.70055 0.30145 0.66388 1.31312
0.48820 0.78740 2.53503 0.29730 0.77862 0.59173
0.36500 0.89780 1.57789 2.25636 1.43495 1.74231
0.10500 0.66580 2.95263 1.33237 1.53368 0.64483
0.45660 0.91100 0.91130 1.00417 0.90188 0.54981
0.11860 0.86500 0.77593 0.69834 0.74587 1.49381
0.11140 0.61660 2.36526 0.39229 1.58337 0.60921
0.18820 0.84700 0.35111 0.39557 1.81630 0.93887
0.15060 0.89500 0.78241 0.26683 1.34443 0.89317
0.25300 0.96020 0.80888 0.38582 1.97383 0.74072
0.20500 0.71700 0.55019 0.73816 1.01466 0.60165
0.47580 0.95580 0.46716 3.89602 1.11806 0.84382
0.45900 0.89180 2.82451 1.59549 0.70564 1.96564
0.33540 0.85900 2.66475 0.89627 0.67408 1.44093
0.46420 0.73700 1.15029 2.05908 0.94017 1.64148
0.15980 0.79100 1.37745 3.88523 0.72347 1.03168
0.22580 0.73340 2.08782 0.30736 0.73154 1.34630
0.31140 0.90820 3.39168 1.61328 1.12272 0.62028
0.34860 0.97220 0.27131 3.19098 1.51467 1.01889
0.24020 0.61260 3.13834 0.54111 0.71450 1.29864
0.13620 0.96380 0.44938 0.56097 1.83910 1.13053
0.12500 0.76660 0.50628 1.22603 1.45902 1.79626
0.26340 0.92420 0.96326 1.14711 1.37841 1.08298
0.10940 0.81100 3.34499 0.51334 1.66209 1.04174
0.24700 0.85700 3.03564 0.27662 1.67597 1.12896
0.38100 0.94820 0.60458 2.36526 0.83105 0.61259
0.33940 0.67660 1.77276 1.14076 1.43098 1.00626
0.33380 0.70780 2.12285 0.50909 0.63684 0.55517
0.18900 0.73940 0.40444 1.18921 1.55294 0.62373
0.32220 0.88460 0.48431 3.35427 1.47325 1.42899
0.42100 0.65820 1.02669 0.31864 1.57899 1.08749
0.49380 0.89580 1.01255 1.54328 0.64483 0.80274
0.45060 0.96260 2.50707 0.93433 1.63014 0.56527
0.35100 0.96340 1.78262 0.81564 0.69786 0.63244
0.34580 0.82220 0.32219 0.73408 0.85560 0.82989
0.40060 0.82300 0.70417 0.53219 1.04608 1.29504
0.15620 0.62100 2.92817 0.37010 1.03886 0.64394
0.15300 0.67700 1.10650 0.43227 0.55748 0.61429
0.39700 0.68780 0.37010 0.62503 0.53626 1.08598
0.20980 0.77260 1.85318 0.25384 1.99861 1.39765
0.24500 0.99300 0.39447 0.34628 0.83335 0.67408
0.12860 0.99780 0.35209 0.67924 0.50104 1.16070
0.46540 0.90860 3.72696 1.38127 0.82188 0.76578
0.45580 0.72940 0.26243 0.41009 1.00486 0.95462
0.47860 0.79620 2.37841 0.29484 0.87357 1.48349
0.38860 0.63020 2.68701 0.58642 0.72247 1.06216
0.36180 0.78460 0.79333 0.40220 0.75315 1.32409
0.35180 0.84580 3.77899 1.77276 0.78404 0.68539
0.36140 0.69100 0.56097 0.46201 0.78187 1.54221
0.41140 0.76020 0.51763 1.50943 1.01185 0.76472
0.31100 0.94540 0.44689 0.74021 1.67365 0.59337
0.14580 0.65060 0.38051 0.81790 0.94148 0.57634
0.39540 0.85460 0.28519 1.28521 1.19997 1.86477
0.22820 0.99580 0.36501 1.65405 1.21841 0.51799
0.15340 0.93940 1.61776 0.71005 0.93498 0.95860
0.36940 0.83980 1.54756 1.67714 0.98829 1.79129
0.40220 0.98180 0.41009 0.95000 0.98418 1.07998
0.20060 0.84220 2.25636 0.25525 0.52449 0.54829
0.18780 0.98780 0.33868 0.77164 0.50453 1.99032
0.11820 0.98900 1.12194 1.37364 0.55287 0.60082
0.27780 0.67260 0.61814 1.34350 0.59584 1.97931
0.42780 0.80460 0.85263 1.58227 1.07549 1.15429
0.43900 0.77300 2.26263 0.74226 1.16393 0.91955
0.39180 0.69860 0.27662 2.42503 1.33886 1.81378
0.38900 0.99660 0.85500 0.37319 1.49381 0.50874
0.26020 0.66940 2.72452 3.07801 0.85678 0.55594
0.17020 0.68700 0.30651 3.41054 0.95330 1.27191
0.25540 0.83660 1.79751 1.01255 1.16070 1.65979
0.40420 0.83860 3.06949 2.68701 0.53924 1.96292
0.16260 0.90580 0.70028 0.88148 1.43694 1.26313
0.16940 0.74620 0.52632 0.32942 1.05482 1.34817
0.34420 0.87660 0.95000 3.09513 0.67596 0.57078
0.21060 0.94060 1.76296 0.58968 1.95748 0.59999
0.30220 0.60580 1.71000 0.46976 0.71055 0.67315
0.25020 0.74740 1.07326 0.27739 1.95206 1.26138
0.20780 0.84780 0.27893 0.79554 1.32593 1.45095
0.46220 0.90980 3.52592 2.46570 0.71947 0.96259
0.35780 0.89300 0.83625 1.16635 0.75106 1.23885
0.15100 0.62980 2.92006 3.21763 1.68763 0.64038
0.13460 0.61820 0.61643 2.07053 1.57680 1.73748
0.22740 0.91420 0.30566 0.70028 1.92786 1.25266
0.37820 0.95100 0.72598 0.67736 0.96929 0.52232
0.45980 0.82100 2.80111 0.28283 1.55725 1.58997
0.30300 0.85060 2.40494 1.11884 0.72850 1.28788
0.17340 0.61460 0.26536 1.41225 1.07103 1.73267
0.29020 0.84940 0.49243 1.83783 1.04899 0.94934
0.34100 0.75180 2.33918 0.33495 0.66573 0.77647
0.25260 0.84020 2.35871 0.26026 1.27368 0.84265
0.25780 0.97300 0.46073 3.86375 1.38415 0.82531
0.35860 0.60460 3.32649 0.26462 0.80720 1.67365
0.48980 0.72740 0.66989 0.47632 1.09809 0.57475
0.40780 0.72260 3.54553 0.28361 0.87478 0.73458
0.28540 0.97500 1.86348 0.42632 0.59173 1.28254
0.12140 0.89980 0.82245 1.04681 0.68066 0.53849
0.27300 0.77700 2.13465 2.16445 0.57316 0.85441
0.29820 0.66660 0.54111 0.31338 1.23542 1.98206
0.44620 0.70300 0.69834 0.87661 1.25963 0.91067
0.43380 0.62660 1.27810 2.04202 1.11034 0.73255
0.29900 0.60980 0.55942 2.11111 0.92210 0.79059
0.10380 0.64780 3.36359 2.34567 0.93239 1.02172
0.29940 0.79980 0.70613 0.76102 0.61771 1.84933
0.46260 0.68580 0.82017 1.29954 1.00347 1.20999
0.17220 0.87340 2.43851 3.76853 1.39959 0.89440
0.49900 0.86140 0.62677 3.46775 1.69702 1.20330
0.23740 0.64580 1.25701 0.33774 0.63861 0.56214
0.20860 0.67860 3.78948 0.43709 0.60249 0.80163
0.47460 0.75980 1.46409 0.69255 0.81847 1.02883
0.33460 0.76060 3.28980 1.79751 0.84382 1.58777
0.20100 0.80860 0.38156 3.10372 1.23885 0.79278
0.49420 0.85940 3.74769 2.18859 0.80051 0.97063
0.34540 0.90700 0.36098 0.28049 1.04319 1.49796
0.20900 0.68940 0.26981 0.78895 0.91955 1.80625
0.36580 0.96900 1.62225 0.50069 0.92338 1.83147
0.46700 0.70820 2.83235 1.46815 1.00905 1.43098
0.12220 0.98380 0.52778 0.82702 1.79378 1.24920
0.18700 0.66020 0.56253 0.34917 1.88296 0.98555
0.48260 0.92100 2.74727 0.85500 1.60103 0.50945
0.47300 0.74420 0.51907 1.43197 1.06069 0.83567
0.32020 0.69060 0.59791 1.12506 0.95066 1.48761
0.41340 0.60220 0.91383 1.30677 0.65565 0.51656
0.49580 0.66060 0.41581 1.03814 0.68255 0.82302
0.13900 0.75060 3.48703 0.41928 1.94396 0.73154
0.45740 0.95900 0.48030 0.32488 1.89343 1.48555
0.47340 0.83940 0.58968 0.34056 0.62546 0.78840
0.36660 0.77540 0.65157 3.82113 0.98692 1.16554
0.17580 0.82980 0.44566 2.12285 0.79499 0.56292
0.31500 0.71740 0.94737 0.90626 0.64038 0.61857
0.17180 0.75340 2.50012 1.02385 0.79278 1.19334
0.22060 0.64220 0.95264 0.50628 1.22859 0.87357
0.27740 0.68900 1.21926 1.56482 0.54981 0.68729
0.41620 0.68180 1.11265 3.38229 1.02030 0.64662
0.38380 0.70540 1.10343 0.33217 1.86219 0.78404
0.35980 0.90180 2.05338 0.27433 0.55133 0.66850
0.22340 0.88380 1.26050 0.31079 1.60325 0.91193
0.38260 0.68740 1.05263 1.10650 1.29325 0.66665
0.11580 0.82500 1.70527 0.55478 0.71847 0.52741
0.16820 0.93500 3.30809 0.28997 0.67129 0.88087
0.28180 0.82780 0.71203 0.36602 0.54374 0.57395
0.37900 0.70620 0.25810 0.83393 0.81734 1.68296
0.23340 0.77460 1.86865 0.82017 1.21504 0.99931
0.33020 0.72180 0.58642 2.77791 0.82874 1.23371
0.14700 0.61340 0.28283 3.39168 0.62201 0.56370
0.44100 0.63780 0.55325 1.44794 1.66902 1.51677
0.29500 0.95500 0.37840 0.59460 0.91573 0.81620
0.34180 0.61980 2.42503 1.45599 1.13367 0.69016
0.21140 0.88900 0.73816 0.26316 0.57714 1.82640
0.29860 0.80740 3.61501 3.44857 1.27191 0.65747
0.39300 0.84660 0.48835 0.98760 0.84148 1.25614
0.23020 0.62020 0.25035 3.40110 1.29146 0.51015
0.45180 0.63620 0.37113 0.95264 1.55079 1.41323
0.47060 0.60420 2.96905 1.81252 1.88818 1.32777
0.31020 0.99740 1.15669 0.41697 0.56762 1.13997
0.32820 0.86420 0.69641 3.50642 1.47529 1.58337
0.36020 0.94900 1.40056 3.57514 0.62633 0.70662
0.49460 0.99700 3.93947 0.76525 1.32777 1.02030
0.47140 0.68340 0.33588 0.78458 1.80625 1.23713
0.28700 0.72580 2.75490 1.02101 0.57236 0.71252
0.27460 0.67980 0.33495 0.79114 1.64604 1.56157
0.42660 0.93740 0.26683 0.44319 1.39185 1.50004
0.42300 0.80260 2.31980 1.77769 1.57462 0.99792
0.49540 0.97460 0.51192 0.57834 1.12428 1.19168
0.21460 0.91340 0.67736 0.70222 1.67133 1.71119
0.13100 0.69220 0.50208 2.69447 1.96837 1.94127
0.31660 0.84300 3.00216 0.47369 0.77432 1.01185
0.30380 0.94020 0.42162 0.42869 0.96795 0.59915
0.22380 0.72860 0.28361 0.81338 0.79388 0.75944
0.19820 0.74100 1.04972 0.27206 0.76260 1.14790
0.46460 0.62220 0.96862 1.91587 0.75944 0.68825
0.19300 0.79220 3.35427 1.26400 0.98146 0.56920
0.21980 0.97100 1.58667 2.17046 0.90815 1.61440
0.21260 0.77980 0.27509 3.34499 0.64394 0.79941
0.18380 0.88620 3.07801 0.40895 1.49174 1.95477
0.35940 0.98420 1.26751 0.39667 0.89813 1.74715
0.11300 0.63420 2.02511 0.58805 1.04464 1.77892
0.34460 0.61180 1.76786 0.59957 1.33330 1.63467
0.42860 0.80660 3.19984 1.66324 1.36699 0.62633
0.20020 0.77900 1.38127 1.25006 0.70271 1.92252
0.27620 0.86700 0.86934 0.31252 0.96527 0.74278
0.27700 0.77940 0.28598 0.29078 0.69592 1.31130
0.26380 0.78100 0.78895 1.51362 1.81127 0.64752
0.23820 0.62340 1.23628 1.18263 0.84265 1.31859
0.13660 0.60780 0.87176 0.34820 0.85441 0.83105
0.26940 0.70220 1.35472 0.28205 0.85916 1.07252
0.39660 0.72100 1.56049 2.13465 0.93368 0.97603
0.36980 0.83140 3.58507 3.19984 0.57078 0.95198
0.40620 0.82580 1.02385 0.55019 0.65747 1.16878
0.31220 0.97820 0.61302 0.35014 0.81394 1.20164
0.32940 0.89260 0.88638 0.92916 0.89689 1.43495
0.36620 0.96100 1.71951 0.46846 0.74072 0.64932
0.18220 0.85140 0.45946 0.30566 1.87254 0.65112
0.47700 0.73460 3.10372 0.66067 0.50383 0.66296
0.43940 0.68860 0.67362 0.76950 0.97874 1.88557
0.18060 0.60700 1.28877 0.44566 1.18838 0.63508
0.42060 0.96060 3.29893 0.47764 0.62114 0.73560
0.20300 0.93700 1.96428 0.61814 1.01045 1.46713
0.41460 0.74220 0.41697 3.98340 0.66850 1.40347
0.43100 0.99540 1.61328 3.85305 0.58682 1.66209
0.23060 0.95780 1.44393 1.39281 0.77970 1.12272
0.37620 0.61100 3.62505 1.08824 0.85086 0.61174
0.37660 0.61500 1.00139 0.56723 0.86274 1.57243
0.41100 0.78940 0.35306 1.81756 1.67830 1.78386
0.30900 0.74900 1.09429 0.53961 1.48761 0.59832
0.27180 0.91940 0.78458 0.35899 1.17691 0.56058
0.10140 0.67300 0.53219 1.44393 0.52668 0.77325
0.30940 0.95180 0.45313 0.32669 1.08749 0.72951
0.31900 0.94580 1.75808 0.71400 1.32409 0.58764
0.36540 0.71020 0.66067 1.73869 0.93627 1.63014
0.19340 0.71180 0.53514 1.32501 1.20497 1.76418
0.38540 0.97620 1.30677 0.29321 1.27721 0.57714
0.17660 0.93180 3.08656 1.37745 1.52098 0.74898
0.48540 0.86340 0.38797 0.27586 0.51513 1.47325
0.34780 0.70460 0.93174 0.25882 1.69937 0.56762
0.17260 0.71940 1.45196 0.81113 0.81620 1.61888
0.18660 0.70900 3.50642 2.54206 0.68729 1.77645
0.30340 0.93300 0.58805 2.79336 1.50629 1.99861
0.16660 0.83700 0.33402 0.84090 0.52814 1.79876
0.28420 0.71900 1.87905 2.47255 1.24401 0.57157
0.44500 0.83540 0.30062 2.14652 1.05775 1.35754
0.21780 0.88820 0.43347 2.71697 0.73867 0.52961
0.49300 0.78980 1.96973 0.55325 1.42306 0.89938
0.40460 0.66420 0.25596 0.66434 1.09962 1.62789
0.48860 0.97180 0.83393 1.05263 1.70882 0.66204
0.46580 0.75140 1.41225 2.19466 0.66296 0.66757
0.25180 0.82860 0.49931 0.91891 0.91828 1.97110
0.49700 0.65740 3.65533 0.25455 0.65838 1.41716
0.42500 0.60740 2.87189 3.75809 0.94409 1.53581
0.18180 0.78340 3.27161 1.04102 1.74231 0.52522
0.34340 0.86100 0.84323 0.26536 0.68444 1.72309
0.18100 0.85580 3.81055 0.32041 0.52888 0.61005
0.17420 0.71340 2.96083 1.01537 1.54864 1.25963
0.39820 0.87580 1.38896 0.27056 1.70173 0.91320
0.45300 0.97660 1.93724 3.33572 0.64842 0.58927
0.39220 0.73300 0.32760 0.65520 0.95860 1.51257
0.14220 0.80700 0.31165 3.01885 0.59750 0.73867
0.40540 0.86060 0.88393 2.09362 0.76472 0.85323
0.24340 0.88100 0.37216 0.61643 0.65203 1.62563
0.35820 0.77340 0.31600 2.41831 1.34817 0.58845
0.35380 0.71580 1.42011 0.53514 0.52595 1.05190
0.33060 0.94340 0.74021 2.73967 1.58777 0.62201
0.33820 0.95460 0.74846 0.73002 0.61090 1.81127
0.39340 0.77740 3.41054 2.92006 1.15269 1.18674
0.21580 0.66620 1.12506 0.29813 1.20330 0.73969
0.45620 0.81180 0.30481 0.40332 1.87774 0.59255
0.15660 0.62940 0.38475 0.65157 0.53329 0.66573
0.34660 0.88540 0.48971 0.78025 1.65749 0.59584
0.37540 0.93020 1.11574 1.90000 1.98206 1.95206
0.44300 0.92020 0.53663 0.30313 0.86514 1.36131
0.22940 0.81740 2.56330 2.18253 0.62028 0.94148
0.19700 0.81660 0.28440 0.97400 1.14631 1.06363
0.39100 0.72380 0.82932 2.65001 1.21335 1.57026
0.20820 0.78140 2.60629 2.37183 1.19831 0.56999
0.19500 0.63100 3.67565 2.57041 1.90132 1.72788
0.49500 0.67780 1.36604 3.91768 1.72309 1.90660
0.40300 0.75100 0.65884 1.48865 0.74691 0.58439
0.45260 0.99180 0.75681 0.46587 1.56157 1.93321
0.35660 0.76860 0.87418 0.61985 0.58520 0.65293
0.31380 0.98140 0.55633 0.28519 0.59419 0.86274
0.19740 0.68220 3.26255 0.99309 1.46917 1.41912
0.16180 0.68820 2.45888 0.90878 1.47734 1.76174
0.43460 0.80540 0.76525 1.76296 1.36888 0.77111
0.37740 0.92740 1.07029 1.52626 0.80274 1.10880
0.32180 0.62180 1.67249 0.30651 1.88557 0.66113
0.47220 0.84860 0.89627 1.68179 0.50663 0.66480
0.20380 0.71380 2.34567 1.43594 0.78295 1.93858
0.47420 0.95700 1.63127 0.31688 0.55981 1.37078
0.16220 0.93380 0.63552 0.69448 1.61440 0.65930
0.37380 0.73900 1.43993 1.95884 1.28610 0.53700
0.14020 0.87100 1.81252 0.75891 1.02598 0.71153
0.37580 0.72660 0.36198 1.32869 0.85204 1.50420
0.35540 0.65980 3.12098 0.82245 0.71153 0.50313
0.43580 0.62620 0.42396 3.28980 1.73748 1.07103
0.33100 0.85020 0.67924 3.28069 1.86736 0.68634
0.40740 0.75620 3.71664 1.09126 1.09657 0.72447
0.45500 0.88780 0.73204 0.34436 1.31859 0.74691
0.28740 0.73860 1.12818 1.16959 1.10420 1.58557
0.21700 0.66460 1.95342 3.17334 1.24057 0.88700
0.38340 0.84900 1.55186 1.97520 1.98481 0.84851
0.34020 0.81260 1.41618 0.28440 1.35004 0.83220
0.43860 0.72220 1.16635 0.41812 0.53034 0.81282
0.25700 0.89820 0.57355 0.80218 0.80385 0.86035
0.13020 0.72460 0.28837 0.68492 0.70662 0.94540
0.49220 0.62140 0.39229 1.98618 0.92723 1.31494
0.14940 0.82940 0.68682 2.31338 1.16231 1.83655
0.13500 0.97900 1.37364 3.42001 0.61685 0.87236
0.13820 0.88500 1.50525 1.82766 0.55517 1.82387
0.14780 0.67340 3.80000 3.02723 0.58277 0.52015
0.10820 0.70020 2.11697 0.29159 0.92852 0.67222
0.13940 0.88700 0.29484 0.30907 0.56058 0.72247
0.42700 0.94980 2.78562 2.49320 1.32961 0.65384
0.34060 0.66340 0.47764 3.37292 0.93757 1.16393
0.20460 0.86220 1.00975 0.98487 1.63921 0.96929
0.34260 0.82700 1.30315 0.95794 1.20999 0.89193
0.26580 0.83820 0.90626 0.45565 0.76897 0.58277
0.46620 0.81500 0.71797 1.48041 0.58927 0.95727
0.26860 0.97780 0.29321 1.07029 0.86035 1.64376
0.43980 0.62580 1.47223 0.79775 0.59091 0.65474
0.11180 0.91060 1.80751 3.92856 1.05629 0.98146
0.13220 0.65340 0.44196 3.66547 0.94803 1.10573
0.45380 0.98980 1.16959 1.04391 1.39571 1.14155
0.19620 0.84820 0.29402 0.72799 1.88035 1.66902
0.28500 0.81700 0.52486 1.45196 0.58196 0.58196
0.33980 0.91980 0.40332 1.73388 0.59667 0.55440
0.26060 0.72820 1.59107 1.52203 1.31130 0.95330
0.12100 0.71300 0.68492 0.58317 1.11497 0.97198
0.17860 0.88660 1.18263 0.53071 1.14472 0.95595
0.37940 0.89860 0.54261 1.02669 0.76049 0.91573
0.12380 0.65660 0.45565 0.33033 1.07998 1.66671
0.34620 0.92580 2.27521 0.54715 1.31494 1.36699
0.46060 0.84460 0.96594 0.49792 1.76663 0.55210
0.27820 0.94780 1.02101 2.89588 0.82302 1.90924
0.14860 0.63900 0.54867 2.15846 0.66757 0.97874
0.37180 0.97700 0.35014 0.56880 1.51887 1.00765
0.20220 0.64300 2.65001 1.19251 1.38992 1.86736
0.27020 0.69420 0.37631 3.01049 1.70409 1.65749
0.39620 0.74060 0.27056 0.25314 1.41128 0.85916
0.26220 0.79140 2.97729 0.45946 0.63156 1.11034
0.10660 0.90060 1.32134 1.00139 0.70760 0.63156
0.23780 0.99380 0.32399 1.22944 0.66480 1.00486
0.39580 0.93460 1.00696 0.26832 0.64662 1.26488
0.40660 0.60180 0.76950 0.62330 1.01607 1.06511
0.24260 0.94260 2.89588 1.92119 1.97657 1.81630
0.38940 0.83780 1.32501 0.26609 1.52520 0.85678
0.24100 0.62300 0.89131 2.39828 0.54450 0.83915
0.48180 0.77100 1.23971 0.31165 1.99032 0.75106
0.36300 0.88060 0.27971 3.43903 0.80497 0.92723
0.20260 0.79700 0.48565 2.26263 1.95477 1.41519
0.31700 0.82820 1.64035 1.49692 0.63949 1.57462
0.44260 0.85500 0.71005 2.55620 1.33145 0.80051
0.15260 0.61380 0.51334 0.43588 1.49796 1.17528
0.21820 0.91700 0.56566 0.70613 0.74898 0.86995
0.42460 0.78700 2.99385 2.83235 0.70466 0.80385
0.19580 0.87060 0.30397 0.49107 1.04174 0.89565
0.19100 0.93540 2.16445 1.59107 1.87514 1.03311
0.23220 0.91780 0.29159 0.33962 1.28967 1.63921
0.22660 0.94620 0.63025 0.27971 1.97931 1.64604
0.44780 0.95340 1.66786 0.31513 1.42701 0.94409
0.46780 0.89740 1.52203 0.34151 1.86477 1.43893
0.46100 0.82180 0.62157 2.80889 1.94666 0.92595
0.48340 0.67580 0.47107 2.62806 0.94540 0.60416
0.41260 0.85180 1.20247 0.25035 0.79830 1.11651
0.10540 0.68260 0.32041 1.74836 0.56292 1.20497
0.25140 0.99460 0.35503 1.58667 0.97603 0.75524
0.37460 0.88340 3.76853 0.92402 1.60770 0.51584
0.17300 0.99020 0.25244 1.10343 1.96292 1.30949
0.15500 0.96460 0.69064 0.44196 1.11961 1.35379
0.22420 0.63500 1.78757 0.39012 1.94127 0.76366
0.44860 0.95660 0.61132 1.31039 1.22179 1.38223
0.42340 0.92180 3.97237 0.49243 0.50035 1.01607
0.18260 0.90020 3.63511 0.28126 0.75419 0.51943
0.31860 0.84380 1.77769 1.53475 0.89440 0.54525
0.30700 0.60820 1.83274 0.37736 0.88946 0.99654
0.44140 0.67900 0.43709 0.34532 1.71594 0.59750
0.43260 0.92220 1.36983 0.44938 1.13524 0.97468
0.22300 0.92980 1.21588 2.90392 0.89193 1.99585
0.12940 0.76780 1.35849 0.77593 0.92083 0.66943
0.47900 0.95220 3.31728 3.26255 1.07400 0.96795
0.22700 0.64260 2.03637 0.36400 1.42109 1.09051
0.28460 0.99940 3.51616 0.60458 0.72046 1.04319
0.21220 0.65220 1.43197 1.93724 0.70858 1.08448
0.10100 0.92460 1.60882 0.30821 0.87115 0.90941
0.31940 0.86580 0.56880 3.45815 1.61888 0.67783
0.10060 0.73660 0.34246 3.18215 0.64305 0.72046
0.31420 0.66900 0.74226 0.66619 0.62373 1.20832
0.23700 0.92860 1.40444 0.27509 0.54905 1.52944
0.32500 0.64140 3.86375 0.44074 1.85446 0.61942
0.46020 0.93620 0.92146 0.35700 0.75524 1.28967
0.48420 0.79060 0.84557 1.63127 1.37268 1.34443
0.12300 0.98580 2.21299 3.56524 0.68349 0.61344
0.45100 0.90780 3.43903 1.60436 1.23713 0.52888
0.44220 0.80420 0.31864 1.75808 1.10267 0.86634
0.36220 0.84340 2.59908 3.96137 0.51943 0.65838
0.43420 0.96540 0.77378 2.03637 0.52087 0.89069
0.40140 0.62700 0.30821 0.36806 0.75628 1.03598
0.11620 0.65780 0.27357 3.05252 1.64376 1.18838
0.26820 0.73020 2.18859 0.46716 0.51299 0.53182
0.44700 0.91180 0.38369 0.40782 0.53477 0.70564
0.22900 0.78820 0.99861 2.96083 0.62720 0.88946
0.22500 0.72980 1.49692 0.85027 0.54224 0.71450
0.39940 0.81220 0.52341 0.47237 1.65519 0.59502
0.24860 0.76580 3.01049 0.52632 0.80608 0.80944
0.39500 0.84140 0.86214 3.68586 0.58764 0.82416
0.36740 0.70340 2.01391 0.42045 1.59881 0.64216
0.16980 0.61700 0.74432 1.35472 1.48555 0.51299
0.12260 0.99620 0.46201 1.50525 0.69882 0.76260
0.17780 0.84260 0.81113 0.38369 0.71747 1.91189
0.46820 0.90660 0.59625 0.38156 1.42504 0.79499
0.19900 0.92660 0.83857 0.57515 1.71119 0.51370
0.23540 0.73740 0.58156 0.39998 0.68825 1.78633
0.45140 0.72420 0.39121 0.60123 1.68063 0.59419
0.30500 0.97260 2.35218 1.53050 1.14155 1.74473
0.30860 0.66500 2.54912 0.63728 1.06511 1.56591
0.38220 0.61140 1.60436 2.82451 0.74381 0.96527
0.28580 0.79940 1.94261 1.71475 0.55057 0.89813
0.18020 0.66820 1.83783 0.84792 1.63467 0.81057
0.44980 0.69700 1.67714 0.34341 0.98010 0.72548
0.48700 0.68980 2.14058 1.55186 0.90689 1.18181
0.18940 0.70260 0.59957 0.73204 0.89069 0.54601
0.13140 0.95060 1.84805 3.74769 0.53999 0.71351
0.49060 0.78580 3.04407 2.14058 1.54435 1.43296
0.46900 0.81300 0.50348 1.20247 1.38032 0.62114
0.40980 0.81780 0.26609 0.63200 0.99792 0.57875
0.13260 0.68420 0.34628 0.44442 1.78881 0.55287
0.38300 0.65700 2.77022 0.53812 0.93109 1.85703
0.32060 0.98740 0.33681 0.93174 0.74794 0.61515
0.13060 0.60380 1.97520 0.37423 0.73765 1.69937
0.16620 0.74540 0.29240 3.52592 1.08598 1.04030
0.38700 0.83380 0.45063 0.50768 0.95462 1.03025
0.24660 0.64500 0.57197 2.64268 0.51228 1.23029
0.30980 0.78420 0.57674 0.99861 1.93053 1.19831
0.42020 0.76100 1.14711 3.03564 0.86634 1.10267
0.42420 0.95140 1.14076 1.80250 0.86394 0.72749
0.15540 0.78660 0.97671 0.55633 1.80125 1.91986
0.32460 0.69820 0.25739 2.96905 0.95993 0.78622
0.47020 0.96620 2.20076 0.32399 0.52377 0.94017
0.46940 0.60500 0.25525 0.26098 1.41716 1.09962
0.32540 0.98340 1.88426 2.50707 0.54074 1.97383
0.18340 0.71780 2.12874 0.29402 0.57794 0.52595
0.21180 0.85740 0.71598 0.82473 0.65474 0.87600
0.47620 0.62740 0.88884 0.36198 0.74484 1.21335
0.38580 0.99260 2.67215 2.28786 1.03025 1.44894
0.40900 0.74940 0.59296 0.36501 1.40737 0.50383
0.17100 0.60620 0.81790 0.80888 1.58997 1.22179
0.33340 0.97980 0.90375 1.96973 1.18181 1.89343
0.10260 0.64660 0.32130 2.38502 1.45498 1.68997
0.39260 0.80100 1.59992 2.01391 0.56136 0.53999
0.29580 0.93860 0.39012 2.25012 1.99585 0.50663
0.21940 0.69300 2.76255 0.54563 1.60547 1.70409
0.22220 0.91220 2.62806 1.64035 0.68634 1.13839
0.32140 0.96420 2.70195 2.33918 0.50593 0.51871
0.42380 0.86380 0.80664 1.18591 0.66113 0.52377
0.26460 0.73500 1.68646 1.07923 0.84733 1.54649
0.46140 0.69140 0.36602 2.73208 0.60082 1.01326
0.28900 0.87860 0.26098 3.55537 1.83401 0.66021
0.49100 0.70140 0.56723 2.58471 0.52522 1.75930
0.37700 0.76980 0.46329 0.43347 1.59438 1.45700
0.47100 0.98500 0.68113 1.48452 0.59009 0.69592
0.48060 0.74860 1.51362 0.72598 0.60332 1.12117
0.38060 0.83020 0.92659 1.62676 0.73052 1.39378
0.24220 0.63580 1.07624 0.29566 0.66204 0.76791
0.21300 0.96860 0.48163 0.26170 1.72071 1.23542
0.13540 0.87740 1.42405 1.74352 0.53182 0.93239
0.24940 0.88740 1.39668 1.53901 1.91189 1.11497
0.25620 0.73180 3.46775 0.66989 0.72146 0.61685
0.27420 0.80020 0.66804 0.68873 0.57554 1.94396
0.23380 0.75820 0.27206 3.15579 0.87721 0.64573
0.37980 0.91540 0.30145 0.33309 1.25614 1.05336
0.12460 0.87700 0.27282 0.79996 0.73458 0.50453
0.18420 0.64380 0.41123 0.40109 0.51370 0.82074
0.15900 0.70860 3.69609 0.45818 0.56683 1.62338
0.21620 0.97580 1.04681 1.47223 1.25093 1.56808
0.17940 0.74180 2.15248 0.39887 1.17854 0.98829
0.21340 0.86660 2.09362 0.71997 1.24747 0.56136
0.37780 0.81020 1.72907 1.79253 1.26138 0.62546
0.32380 0.86020 1.09126 0.32130 0.62894 1.03886
0.32700 0.65300 3.42001 0.37840 1.15429 1.00069
0.40340 0.63980 1.17936 0.66250 0.52159 0.74794
0.11380 0.83300 0.64260 0.67549 1.79626 0.84031
0.14260 0.69260 0.28205 1.63580 1.76174 1.33515
0.24300 0.95020 0.36908 0.84557 0.57875 1.37841
0.33780 0.65420 2.63536 3.23553 1.77645 1.45902
0.11540 0.62500 1.06437 2.80111 1.57026 1.94936
0.24460 0.75420 0.77164 0.42162 0.80832 0.85204
0.17900 0.65940 3.05252 2.20687 0.53255 0.88823
0.19460 0.83220 1.26400 0.38475 0.83567 0.50174
0.10220 0.71260 0.50768 0.43830 1.17202 0.71648
0.36380 0.76620 2.05908 0.28598 0.51799 1.24747
0.14380 0.85260 1.03526 1.43993 0.87600 1.95748
0.29180 0.63820 1.73388 0.33402 1.31677 1.05629
0.22460 0.64540 3.06099 2.32624 1.51257 1.27721
0.13380 0.86780 0.89379 0.76737 0.51656 0.77539
0.42900 0.81980 0.35799 2.30697 0.88823 1.22349
0.27340 0.86820 0.64977 0.51477 0.65656 0.73357
0.34300 0.80180 0.65702 1.87905 1.82640 0.56841
0.23660 0.78220 0.43588 0.38689 1.06955 1.04899
0.37060 0.96220 0.93692 0.89876 1.50420 0.70271
0.48020 0.94100 2.45207 1.39668 1.83655 1.59881
0.26740 0.83900 0.49655 2.84021 0.54829 1.32961
0.35060 0.98100 0.32579 1.38511 1.30224 1.12428
0.23260 0.90540 0.33125 0.39338 0.51584 1.15109
0.26180 0.73980 0.28917 3.00216 0.78949 0.99103
0.39140 0.90500 2.26891 0.66804 1.19334 1.84165
0.21500 0.70420 0.60794 3.80000 1.36509 0.81960
0.38020 0.83620 0.48297 0.88393 0.95198 1.93589
0.10020 0.62260 0.32942 0.62157 1.26663 1.61217
0.16740 0.68140 0.57515 1.12818 0.54299 0.85086
0.12900 0.99900 1.18591 3.63511 1.22349 0.68066
0.41300 0.66180 0.76737 0.44813 0.69303 0.63949
0.44380 0.94140 1.99170 3.93947 0.83915 0.69882
0.39060 0.87540 0.72397 0.48431 0.99103 1.83910
0.41780 0.77060 0.26389 2.59188 1.02456 1.50629
0.49740 0.94180 2.18253 2.41162 1.36131 1.44693
0.37020 0.83740 2.22530 1.86865 0.80163 0.84148
0.10980 0.74700 0.63376 0.48163 1.53794 1.25788
0.13180 0.81620 2.73967 3.62505 1.47121 1.51047
0.19980 0.78180 0.79996 0.25667 0.60500 0.70956
0.44420 0.93060 1.91057 0.83162 1.26839 0.60668
0.32980 0.91500 0.71400 0.57355 1.29684 0.78187
0.26420 0.88980 2.84021 0.49931 1.14314 0.73052
0.19860 0.80220 0.40556 3.16455 1.65061 0.76684
0.39980 0.61420 2.57041 0.84323 1.84676 0.98966
0.18580 0.90100 0.35998 0.57197 1.48349 1.46510
0.25860 0.68300 1.22603 3.54553 0.67036 1.80876
0.22860 0.76220 0.36299 1.72907 0.97739 0.53108
0.36460 0.63220 3.55537 0.75471 0.73662 1.47734
0.18860 0.87420 3.82113 2.86394 1.85961 0.61771
0.43540 0.77660 1.25353 0.86454 1.16878 1.54007
0.34980 0.89060 1.10038 0.51051 1.83147 0.54450
0.29660 0.92260 0.34917 0.41237 1.17528 0.57554
0.40500 0.79820 1.92119 1.14393 1.13839 1.44493
0.15580 0.98940 0.63200 1.71951 0.94671 0.74587
0.22180 0.60100 0.76313 0.25596 0.79169 1.52732
0.19380 0.64020 3.89602 2.94445 0.82760 1.29325
0.48900 0.73580 0.31513 1.56049 0.77755 0.67689
0.31340 0.74460 1.13131 3.12098 0.66665 0.61090
0.35420 0.71980 0.25667 0.35799 0.75838 1.52309
0.16380 0.64860 1.79253 1.91057 0.70956 1.06955
0.18140 0.93980 0.64082 2.28153 1.90396 0.92338
0.32420 0.85340 1.48041 2.56330 1.03742 1.42701
0.45420 0.67060 0.26170 2.61353 1.84421 0.98692
0.45860 0.79900 0.30993 1.23971 1.57243 1.70173
0.16060 0.89220 1.94801 0.52924 1.28254 0.62460
0.23940 0.60540 0.57834 1.15990 0.78513 1.97657
0.25420 0.77500 0.68873 1.46003 0.61005 0.60752
0.48740 0.67180 3.24451 2.10526 1.13053 0.85560
0.48500 0.99860 0.31776 0.82932 0.51015 0.63332
0.29540 0.74260 1.05848 1.20916 1.84933 1.49174
0.20180 0.79380 0.82473 2.62079 0.55826 1.04754
0.42940 0.90140 0.51477 0.54867 1.85189 1.11342
0.48460 0.94220 2.91198 3.27161 1.33700 0.55671
0.47180 0.64740 1.34723 1.56917 0.72447 0.82874
0.38980 0.74980 1.28165 0.64260 1.55941 1.17202
0.13740 0.92540 0.49517 0.53663 1.73508 0.86514
0.44820 0.65260 1.85832 1.67249 1.77892 0.91828
0.44540 0.71220 0.53366 2.17648 0.97063 0.60500
0.33260 0.71500 3.01885 0.59132 0.55363 1.88296
0.44460 0.90460 1.14393 1.61776 0.55210 1.60325
0.29740 0.95540 0.33217 0.77809 0.77539 1.41128
0.19780 0.79020 3.17334 0.48297 0.73255 0.52814
0.28260 0.92940 0.25953 0.26757 0.77325 0.90563
0.45540 0.83180 0.67549 2.57755 1.65979 1.89080
0.12820 0.70580 2.33270 1.13761 1.82387 0.66388
0.30100 0.63340 0.95528 1.80751 1.89080 0.97739
0.46340 0.61620 0.34436 0.63552 1.02740 1.34071
0.41580 0.73100 3.16455 0.70809 1.48144 1.07848
0.48940 0.95980 3.09513 1.96428 1.24574 0.77970
0.16420 0.71540 0.42750 0.30993 1.93321 1.78881
0.35620 0.77580 0.41237 2.44528 1.27015 1.50212
0.31740 0.92060 0.27816 0.74846 1.91454 0.65203
0.19940 0.82740 0.30313 0.29978 1.11651 1.45297
0.16540 0.91020 2.17648 0.68113 0.90563 1.10420
0.32780 0.94380 1.46003 0.29895 1.35566 1.67597
0.22980 0.72140 1.01819 1.88949 1.89605 1.69702
0.24820 0.80620 0.63728 0.55172 0.99654 0.92083
0.47980 0.84620 3.99446 0.33125 0.57475 0.67971
0.23860 0.70700 0.46846 0.26981 1.09505 1.13210
0.49620 0.77860 2.90392 1.90528 1.23200 1.79378
0.35460 0.95820 0.26757 0.46073 1.56374 1.22859
0.48380 0.77780 3.49671 3.70635 1.12584 1.36509
0.21380 0.96980 0.62851 1.46409 1.68296 1.14472
0.34940 0.88020 1.48452 0.86694 0.64932 0.84968
0.17820 0.88260 0.39557 0.59791 1.18509 0.73662
0.10340 0.82900 0.40895 0.71797 1.41912 1.28432
0.37300 0.78780 3.02723 1.06142 0.50523 0.90313
0.49820 0.69500 0.41812 0.57038 0.71549 1.91720
0.34820 0.98300 0.28757 2.52801 1.05044 1.54435
0.19540 0.97540 0.46587 0.27282 1.44693 1.68763
0.37220 0.96500 0.52051 0.27893 1.18017 0.59009
0.40580 0.82420 2.21914 1.82260 1.60993 1.21841
0.21860 0.82340 2.41162 0.45313 0.62807 1.78139
0.37340 0.92380 0.65338 1.19582 0.98555 0.63069
0.37860 0.92780 2.77791 0.38797 0.92595 1.09354
0.16500 0.63300 1.59549 2.29421 1.82134 1.22519
0.36820 0.67460 0.25314 1.87384 1.75200 0.78949
0.15380 0.79540 3.88523 0.35404 0.67971 0.96126
0.12580 0.80500 0.71997 3.29893 1.69466 0.75628
0.28340 0.91300 0.39338 3.13834 1.07848 1.37459
0.35500 0.73780 0.31425 0.55942 0.75733 1.24401
0.21420 0.61060 3.60500 1.17283 0.57395 1.09809
0.10580 0.75540 1.72429 0.65338 0.88087 0.99240
0.14540 0.97420 0.33774 0.85738 1.73989 1.27544
0.14660 0.95620 3.56524 1.17609 1.96564 1.07699
0.17140 0.82460 0.42045 0.28757 0.82416 0.80720
0.24060 0.88860 3.47738 1.10957 0.81057 0.50733
0.10620 0.89900 2.69447 1.94801 1.19499 1.61664
0.12740 0.76180 0.58317 1.03526 0.67877 0.94278
0.38140 0.69900 0.49380 0.46458 0.50174 1.72548
0.25820 0.62820 2.94445 3.95040 0.60165 1.75686
0.47740 0.62380 0.66434 0.71203 0.70076 1.36320
0.27060 0.97060 1.01537 1.95342 1.73267 0.78295
0.21740 0.74580 0.44074 1.15669 0.82989 0.86394
0.32740 0.67940 0.36704 1.13131 1.28076 1.09202
0.20700 0.86540 1.48865 0.92659 0.53700 0.51086
0.30820 0.87820 2.37183 0.30062 0.63596 0.98010
0.20660 0.62060 3.85305 0.52051 0.96393 1.85446
0.30140 0.64980 0.73408 1.12194 1.02172 1.65519
0.35220 0.64340 0.57038 0.56409 1.15589 1.00905
0.47500 0.93260 0.91891 1.26050 1.48968 0.86754
0.44900 0.99100 3.19098 0.32579 0.91067 0.86874
0.42180 0.87380 2.73208 0.94737 0.65022 1.60770
0.33140 0.78500 1.90528 0.67175 0.61174 0.57236
0.17460 0.84100 1.19582 1.72429 1.75930 0.68920
0.43500 0.72020 1.24660 0.35306 0.94934 1.96020
0.25980 0.70940 1.23285 1.33607 1.76418 0.59667
0.43620 0.83340 2.52801 2.26891 0.56448 1.82134
0.28060 0.71620 2.43176 0.25174 0.92980 0.67129
0.30460 0.83420 0.40782 1.28165 1.22688 0.53552
0.15740 0.91620 0.34820 0.72397 0.95595 0.78513
0.49340 0.90220 0.87661 0.63025 1.35754 1.73989
0.11060 0.98020 0.43830 1.34723 0.70368 0.96393
0.46300 0.61220 0.61472 2.08204 0.65930 0.71055
0.44940 0.75020 1.74352 0.70417 1.05190 1.62113
0.12980 0.61780 0.53961 0.69641 0.78622 1.22688
0.20580 0.78900 0.29078 3.06949 1.05336 1.46917
0.32300 0.88220 0.44813 1.23285 0.62287 0.77755
0.31980 0.81900 0.64439 0.25953 1.35379 1.86995
0.41060 0.60340 0.26906 0.60626 1.28432 1.69232
0.15860 0.64060 2.23767 2.01950 1.10726 0.65022
0.12780 0.95300 0.93433 1.36226 1.40153 1.48968
0.28820 0.95860 0.46976 0.86214 0.62460 0.98282
0.26980 0.60900 2.38502 0.43467 1.00208 1.14631
0.42740 0.63540 0.75054 3.97237 1.56808 0.62894
0.44340 0.96140 1.52626 2.87189 0.86995 0.50104
0.41980 0.79500 1.53901 0.94475 1.11342 0.94671
0.12060 0.79300 1.15990 0.87176 1.20664 0.85797
0.11420 0.67020 0.33962 0.83857 1.90924 1.38415
0.45220 0.75660 3.59502 3.87447 1.43893 0.81734
0.48620 0.98860 2.52101 0.60963 1.19003 0.83335
0.27860 0.78620 3.53571 1.83274 1.96020 1.55509
0.25460 0.76340 0.51051 2.02511 1.91986 0.52159
0.39900 0.65620 0.70809 0.27131 1.85703 1.38607
0.29100 0.96940 2.67957 0.38051 1.50838 0.50804
0.19180 0.87220 3.18215 0.68682 0.87843 1.80125
0.42820 0.69620 0.67175 0.96594 0.50733 0.98418
0.29060 0.89020 0.38689 0.28678 0.53849 1.73508
0.44660 0.90420 0.32851 0.64439 1.01748 1.00347
0.26100 0.75300 0.85027 1.69584 0.89317 1.05775
0.14460 0.91380 0.48700 3.36359 0.58116 0.79830
0.14820 0.80060 2.08204 0.37631 1.37078 0.60584
0.29340 0.92300 0.36806 0.87418 0.50874 0.91700
0.11700 0.68020 0.54412 2.77022 0.69207 1.08900
0.23620 0.70380 0.28049 0.57674 0.55594 0.87478
0.49140 0.85820 3.91768 0.42396 0.67222 1.20664
0.43700 0.99060 0.85976 0.86934 1.08448 0.70174
0.20420 0.78260 1.16312 1.31768 0.87236 1.18345
0.26300 0.65460 0.45439 2.78562 1.32042 0.53924
0.45340 0.92620 1.91587 0.95528 0.69496 0.93627
0.17700 0.67100 1.55617 2.52101 1.75686 1.77399
0.24540 0.69180 1.39281 0.28917 0.68539 1.36888
0.32660 0.71100 1.44794 2.11697 0.51871 1.92519
0.30260 0.85980 1.63580 0.47500 1.26488 0.68255
0.48580 0.70060 2.88786 1.19914 0.88454 0.52304
0.21540 0.61940 2.41831 3.60500 0.66943 1.47939
0.27220 0.88180 1.29954 0.36908 0.90941 0.72648
0.42220 0.76940 1.82766 3.24451 1.99308 0.63684
0.36900 0.67620 0.49107 1.38896 1.68997 0.71947
0.42980 0.75460 1.25006 2.05338 1.68529 0.90815
0.26620 0.87260 0.86454 3.73731 0.96259 0.75210
0.25220 0.64620 0.90878 0.42514 0.88209 1.85189
0.11460 0.65900 0.31952 1.40056 0.67315 1.12584
0.24580 0.86980 0.60123 2.87986 1.13682 1.67830
0.14300 0.74780 0.57995 0.63376 1.14949 1.51467
0.20540 0.64700 2.39164 0.35503 1.32225 0.73765
0.15180 0.73620 1.09733 0.48030 1.58118 1.07549
0.34500 0.65540 0.37319 1.64947 0.81282 0.74381
0.30660 0.89940 2.11111 0.32309 1.07699 1.13367
0.14140 0.97860 0.79554 1.35849 0.77647 1.11961
0.32580 0.76140 2.25012 0.75262 1.12740 0.75419
0.48660 0.86180 0.74639 1.24660 1.14790 1.26663
0.40380 0.79740 0.35404 1.24315 0.65112 1.67133
0.24980 0.80900 3.23553 0.67362 1.08298 0.84616
0.14060 0.94420 1.32869 1.09733 1.62563 0.87843
0.32860 0.83060 0.75891 2.35218 1.40347 0.75315
0.15020 0.72620 0.30907 2.04769 1.62338 0.87965
0.28860 0.72340 0.53071 1.47631 1.02314 0.99516
0.13340 0.88940 0.41466 0.72196 1.27899 0.64842
0.26540 0.85660 1.31768 0.46329 0.90438 0.53403
0.12540 0.73380 0.32488 1.00975 0.64752 1.01748
0.16460 0.76820 1.64947 0.75054 0.73969 0.67877
0.30180 0.81820 0.69448 0.28837 0.57157 0.54299
0.29700 0.63140 2.80889 1.71000 1.69232 0.76154
0.11340 0.90380 2.30697 0.96326 0.58035 0.90188
