# sim_name Omega0 sigma8 GALSF_SUBGRID_DAA_LOADFACTOR BH_BAL_KICK_MOMENTUM_FLUX GALSF_SUBGRID_FIREVEL BH_QUENCH_JET OmegaBaryon HubbleParam ns CritPhysDensity SfEffPerFreeFall TempClouds WindFreeTravelMaxTime WindFreeTravelDensFac SeedBlackHoleMass BlackHoleAccretionFactor BlackHoleRadiativeEfficiency BlackHoleEddingtonFactor BlackHoleNgbFactor BlackHoleMaxAccretionRadius GALSF_JEANS_MIN_T GALSF_SUBGRID_FIREVEL_SLOPE GALSF_SUBGRID_HOTWIND GALSF_AGBWINDHEATING BH_HOST_TO_SEED_RATIO BH_QUENCH_JET_HOTWIND BH_BONDI_HOT MBH_JET_MIN seed
1P_p1_n2     0.1        0.8        1          20         1.6        7000       0.049      0.6711     0.9624     0.2        0.02       1000       0.02       0.01       1e-06      1          0.1        3          4          4          1          0.12       0.3        100        3e+05      2000       5          4.5e+07    67        
1P_p1_n1     0.2        0.8        1          20         1.6        7000       0.049      0.6711     0.9624     0.2        0.02       1000       0.02       0.01       1e-06      1          0.1        3          4          4          1          0.12       0.3        100        3e+05      2000       5          4.5e+07    67        
1P_p1_0      0.3        0.8        1          20         1.6        7000       0.049      0.6711     0.9624     0.2        0.02       1000       0.02       0.01       1e-06      1          0.1        3          4          4          1          0.12       0.3        100        3e+05      2000       5          4.5e+07    67        
1P_p1_1      0.4        0.8        1          20         1.6        7000       0.049      0.6711     0.9624     0.2        0.02       1000       0.02       0.01       1e-06      1          0.1        3          4          4          1          0.12       0.3        100        3e+05      2000       5          4.5e+07    67        
1P_p1_2      0.5        0.8        1          20         1.6        7000       0.049      0.6711     0.9624     0.2        0.02       1000       0.02       0.01       1e-06      1          0.1        3          4          4          1          0.12       0.3        100        3e+05      2000       5          4.5e+07    67        
1P_p2_n2     0.3        0.6        1          20         1.6        7000       0.049      0.6711     0.9624     0.2        0.02       1000       0.02       0.01       1e-06      1          0.1        3          4          4          1          0.12       0.3        100        3e+05      2000       5          4.5e+07    67        
1P_p2_n1     0.3        0.7        1          20         1.6        7000       0.049      0.6711     0.9624     0.2        0.02       1000       0.02       0.01       1e-06      1          0.1        3          4          4          1          0.12       0.3        100        3e+05      2000       5          4.5e+07    67        
1P_p2_0      0.3        0.8        1          20         1.6        7000       0.049      0.6711     0.9624     0.2        0.02       1000       0.02       0.01       1e-06      1          0.1        3          4          4          1          0.12       0.3        100        3e+05      2000       5          4.5e+07    67        
1P_p2_1      0.3        0.9        1          20         1.6        7000       0.049      0.6711     0.9624     0.2        0.02       1000       0.02       0.01       1e-06      1          0.1        3          4          4          1          0.12       0.3        100        3e+05      2000       5          4.5e+07    67        
1P_p2_2      0.3        1          1          20         1.6        7000       0.049      0.6711     0.9624     0.2        0.02       1000       0.02       0.01       1e-06      1          0.1        3          4          4          1          0.12       0.3        100        3e+05      2000       5          4.5e+07    67        
1P_p3_n2     0.3        0.8        0.25       20         1.6        7000       0.049      0.6711     0.9624     0.2        0.02       1000       0.02       0.01       1e-06      1          0.1        3          4          4          1          0.12       0.3        100        3e+05      2000       5          4.5e+07    67        
1P_p3_n1     0.3        0.8        0.5        20         1.6        7000       0.049      0.6711     0.9624     0.2        0.02       1000       0.02       0.01       1e-06      1          0.1        3          4          4          1          0.12       0.3        100        3e+05      2000       5          4.5e+07    67        
1P_p3_0      0.3        0.8        1          20         1.6        7000       0.049      0.6711     0.9624     0.2        0.02       1000       0.02       0.01       1e-06      1          0.1        3          4          4          1          0.12       0.3        100        3e+05      2000       5          4.5e+07    67        
1P_p3_1      0.3        0.8        2          20         1.6        7000       0.049      0.6711     0.9624     0.2        0.02       1000       0.02       0.01       1e-06      1          0.1        3          4          4          1          0.12       0.3        100        3e+05      2000       5          4.5e+07    67        
1P_p3_2      0.3        0.8        4          20         1.6        7000       0.049      0.6711     0.9624     0.2        0.02       1000       0.02       0.01       1e-06      1          0.1        3          4          4          1          0.12       0.3        100        3e+05      2000       5          4.5e+07    67        
1P_p4_n2     0.3        0.8        1          5          1.6        7000       0.049      0.6711     0.9624     0.2        0.02       1000       0.02       0.01       1e-06      1          0.1        3          4          4          1          0.12       0.3        100        3e+05      2000       5          4.5e+07    67        
1P_p4_n1     0.3        0.8        1          10         1.6        7000       0.049      0.6711     0.9624     0.2        0.02       1000       0.02       0.01       1e-06      1          0.1        3          4          4          1          0.12       0.3        100        3e+05      2000       5          4.5e+07    67        
1P_p4_0      0.3        0.8        1          20         1.6        7000       0.049      0.6711     0.9624     0.2        0.02       1000       0.02       0.01       1e-06      1          0.1        3          4          4          1          0.12       0.3        100        3e+05      2000       5          4.5e+07    67        
1P_p4_1      0.3        0.8        1          40         1.6        7000       0.049      0.6711     0.9624     0.2        0.02       1000       0.02       0.01       1e-06      1          0.1        3          4          4          1          0.12       0.3        100        3e+05      2000       5          4.5e+07    67        
1P_p4_2      0.3        0.8        1          80         1.6        7000       0.049      0.6711     0.9624     0.2        0.02       1000       0.02       0.01       1e-06      1          0.1        3          4          4          1          0.12       0.3        100        3e+05      2000       5          4.5e+07    67        
1P_p5_n2     0.3        0.8        1          20         0.8        7000       0.049      0.6711     0.9624     0.2        0.02       1000       0.02       0.01       1e-06      1          0.1        3          4          4          1          0.12       0.3        100        3e+05      2000       5          4.5e+07    67        
1P_p5_n1     0.3        0.8        1          20         1.131      7000       0.049      0.6711     0.9624     0.2        0.02       1000       0.02       0.01       1e-06      1          0.1        3          4          4          1          0.12       0.3        100        3e+05      2000       5          4.5e+07    67        
1P_p5_0      0.3        0.8        1          20         1.6        7000       0.049      0.6711     0.9624     0.2        0.02       1000       0.02       0.01       1e-06      1          0.1        3          4          4          1          0.12       0.3        100        3e+05      2000       5          4.5e+07    67        
1P_p5_1      0.3        0.8        1          20         2.263      7000       0.049      0.6711     0.9624     0.2        0.02       1000       0.02       0.01       1e-06      1          0.1        3          4          4          1          0.12       0.3        100        3e+05      2000       5          4.5e+07    67        
1P_p5_2      0.3        0.8        1          20         3.2        7000       0.049      0.6711     0.9624     0.2        0.02       1000       0.02       0.01       1e-06      1          0.1        3          4          4          1          0.12       0.3        100        3e+05      2000       5          4.5e+07    67        
1P_p6_n2     0.3        0.8        1          20         1.6        3500       0.049      0.6711     0.9624     0.2        0.02       1000       0.02       0.01       1e-06      1          0.1        3          4          4          1          0.12       0.3        100        3e+05      2000       5          4.5e+07    67        
1P_p6_n1     0.3        0.8        1          20         1.6        4950       0.049      0.6711     0.9624     0.2        0.02       1000       0.02       0.01       1e-06      1          0.1        3          4          4          1          0.12       0.3        100        3e+05      2000       5          4.5e+07    67        
1P_p6_0      0.3        0.8        1          20         1.6        7000       0.049      0.6711     0.9624     0.2        0.02       1000       0.02       0.01       1e-06      1          0.1        3          4          4          1          0.12       0.3        100        3e+05      2000       5          4.5e+07    67        
1P_p6_1      0.3        0.8        1          20         1.6        9899       0.049      0.6711     0.9624     0.2        0.02       1000       0.02       0.01       1e-06      1          0.1        3          4          4          1          0.12       0.3        100        3e+05      2000       5          4.5e+07    67        
1P_p6_2      0.3        0.8        1          20         1.6        1.4e+04    0.049      0.6711     0.9624     0.2        0.02       1000       0.02       0.01       1e-06      1          0.1        3          4          4          1          0.12       0.3        100        3e+05      2000       5          4.5e+07    67        
1P_p7_n2     0.3        0.8        1          20         1.6        7000       0.029      0.6711     0.9624     0.2        0.02       1000       0.02       0.01       1e-06      1          0.1        3          4          4          1          0.12       0.3        100        3e+05      2000       5          4.5e+07    67        
1P_p7_n1     0.3        0.8        1          20         1.6        7000       0.039      0.6711     0.9624     0.2        0.02       1000       0.02       0.01       1e-06      1          0.1        3          4          4          1          0.12       0.3        100        3e+05      2000       5          4.5e+07    67        
1P_p7_0      0.3        0.8        1          20         1.6        7000       0.049      0.6711     0.9624     0.2        0.02       1000       0.02       0.01       1e-06      1          0.1        3          4          4          1          0.12       0.3        100        3e+05      2000       5          4.5e+07    67        
1P_p7_1      0.3        0.8        1          20         1.6        7000       0.059      0.6711     0.9624     0.2        0.02       1000       0.02       0.01       1e-06      1          0.1        3          4          4          1          0.12       0.3        100        3e+05      2000       5          4.5e+07    67        
1P_p7_2      0.3        0.8        1          20         1.6        7000       0.069      0.6711     0.9624     0.2        0.02       1000       0.02       0.01       1e-06      1          0.1        3          4          4          1          0.12       0.3        100        3e+05      2000       5          4.5e+07    67        
1P_p8_n2     0.3        0.8        1          20         1.6        7000       0.049      0.4711     0.9624     0.2        0.02       1000       0.02       0.01       1e-06      1          0.1        3          4          4          1          0.12       0.3        100        3e+05      2000       5          4.5e+07    67        
1P_p8_n1     0.3        0.8        1          20         1.6        7000       0.049      0.5711     0.9624     0.2        0.02       1000       0.02       0.01       1e-06      1          0.1        3          4          4          1          0.12       0.3        100        3e+05      2000       5          4.5e+07    67        
1P_p8_0      0.3        0.8        1          20         1.6        7000       0.049      0.6711     0.9624     0.2        0.02       1000       0.02       0.01       1e-06      1          0.1        3          4          4          1          0.12       0.3        100        3e+05      2000       5          4.5e+07    67        
1P_p8_1      0.3        0.8        1          20         1.6        7000       0.049      0.7711     0.9624     0.2        0.02       1000       0.02       0.01       1e-06      1          0.1        3          4          4          1          0.12       0.3        100        3e+05      2000       5          4.5e+07    67        
1P_p8_2      0.3        0.8        1          20         1.6        7000       0.049      0.8711     0.9624     0.2        0.02       1000       0.02       0.01       1e-06      1          0.1        3          4          4          1          0.12       0.3        100        3e+05      2000       5          4.5e+07    67        
1P_p9_n2     0.3        0.8        1          20         1.6        7000       0.049      0.6711     0.7624     0.2        0.02       1000       0.02       0.01       1e-06      1          0.1        3          4          4          1          0.12       0.3        100        3e+05      2000       5          4.5e+07    67        
1P_p9_n1     0.3        0.8        1          20         1.6        7000       0.049      0.6711     0.8624     0.2        0.02       1000       0.02       0.01       1e-06      1          0.1        3          4          4          1          0.12       0.3        100        3e+05      2000       5          4.5e+07    67        
1P_p9_0      0.3        0.8        1          20         1.6        7000       0.049      0.6711     0.9624     0.2        0.02       1000       0.02       0.01       1e-06      1          0.1        3          4          4          1          0.12       0.3        100        3e+05      2000       5          4.5e+07    67        
1P_p9_1      0.3        0.8        1          20         1.6        7000       0.049      0.6711     1.062      0.2        0.02       1000       0.02       0.01       1e-06      1          0.1        3          4          4          1          0.12       0.3        100        3e+05      2000       5          4.5e+07    67        
1P_p9_2      0.3        0.8        1          20         1.6        7000       0.049      0.6711     1.162      0.2        0.02       1000       0.02       0.01       1e-06      1          0.1        3          4          4          1          0.12       0.3        100        3e+05      2000       5          4.5e+07    67        
1P_p10_n2    0.3        0.8        1          20         1.6        7000       0.049      0.6711     0.9624     0.02       0.02       1000       0.02       0.01       1e-06      1          0.1        3          4          4          1          0.12       0.3        100        3e+05      2000       5          4.5e+07    67        
1P_p10_n1    0.3        0.8        1          20         1.6        7000       0.049      0.6711     0.9624     0.06325    0.02       1000       0.02       0.01       1e-06      1          0.1        3          4          4          1          0.12       0.3        100        3e+05      2000       5          4.5e+07    67        
1P_p10_0     0.3        0.8        1          20         1.6        7000       0.049      0.6711     0.9624     0.2        0.02       1000       0.02       0.01       1e-06      1          0.1        3          4          4          1          0.12       0.3        100        3e+05      2000       5          4.5e+07    67        
1P_p10_1     0.3        0.8        1          20         1.6        7000       0.049      0.6711     0.9624     0.6325     0.02       1000       0.02       0.01       1e-06      1          0.1        3          4          4          1          0.12       0.3        100        3e+05      2000       5          4.5e+07    67        
1P_p10_2     0.3        0.8        1          20         1.6        7000       0.049      0.6711     0.9624     2          0.02       1000       0.02       0.01       1e-06      1          0.1        3          4          4          1          0.12       0.3        100        3e+05      2000       5          4.5e+07    67        
1P_p11_n2    0.3        0.8        1          20         1.6        7000       0.049      0.6711     0.9624     0.2        0.01       1000       0.02       0.01       1e-06      1          0.1        3          4          4          1          0.12       0.3        100        3e+05      2000       5          4.5e+07    67        
1P_p11_n1    0.3        0.8        1          20         1.6        7000       0.049      0.6711     0.9624     0.2        0.01414    1000       0.02       0.01       1e-06      1          0.1        3          4          4          1          0.12       0.3        100        3e+05      2000       5          4.5e+07    67        
1P_p11_0     0.3        0.8        1          20         1.6        7000       0.049      0.6711     0.9624     0.2        0.02       1000       0.02       0.01       1e-06      1          0.1        3          4          4          1          0.12       0.3        100        3e+05      2000       5          4.5e+07    67        
1P_p11_1     0.3        0.8        1          20         1.6        7000       0.049      0.6711     0.9624     0.2        0.02828    1000       0.02       0.01       1e-06      1          0.1        3          4          4          1          0.12       0.3        100        3e+05      2000       5          4.5e+07    67        
1P_p11_2     0.3        0.8        1          20         1.6        7000       0.049      0.6711     0.9624     0.2        0.04       1000       0.02       0.01       1e-06      1          0.1        3          4          4          1          0.12       0.3        100        3e+05      2000       5          4.5e+07    67        
1P_p12_n2    0.3        0.8        1          20         1.6        7000       0.049      0.6711     0.9624     0.2        0.02       100        0.02       0.01       1e-06      1          0.1        3          4          4          1          0.12       0.3        100        3e+05      2000       5          4.5e+07    67        
1P_p12_n1    0.3        0.8        1          20         1.6        7000       0.049      0.6711     0.9624     0.2        0.02       316.2      0.02       0.01       1e-06      1          0.1        3          4          4          1          0.12       0.3        100        3e+05      2000       5          4.5e+07    67        
1P_p12_0     0.3        0.8        1          20         1.6        7000       0.049      0.6711     0.9624     0.2        0.02       1000       0.02       0.01       1e-06      1          0.1        3          4          4          1          0.12       0.3        100        3e+05      2000       5          4.5e+07    67        
1P_p12_1     0.3        0.8        1          20         1.6        7000       0.049      0.6711     0.9624     0.2        0.02       3162       0.02       0.01       1e-06      1          0.1        3          4          4          1          0.12       0.3        100        3e+05      2000       5          4.5e+07    67        
1P_p12_2     0.3        0.8        1          20         1.6        7000       0.049      0.6711     0.9624     0.2        0.02       1e+04      0.02       0.01       1e-06      1          0.1        3          4          4          1          0.12       0.3        100        3e+05      2000       5          4.5e+07    67        
1P_p13_n2    0.3        0.8        1          20         1.6        7000       0.049      0.6711     0.9624     0.2        0.02       1000       0.002      0.01       1e-06      1          0.1        3          4          4          1          0.12       0.3        100        3e+05      2000       5          4.5e+07    67        
1P_p13_n1    0.3        0.8        1          20         1.6        7000       0.049      0.6711     0.9624     0.2        0.02       1000       0.006325   0.01       1e-06      1          0.1        3          4          4          1          0.12       0.3        100        3e+05      2000       5          4.5e+07    67        
1P_p13_0     0.3        0.8        1          20         1.6        7000       0.049      0.6711     0.9624     0.2        0.02       1000       0.02       0.01       1e-06      1          0.1        3          4          4          1          0.12       0.3        100        3e+05      2000       5          4.5e+07    67        
1P_p13_1     0.3        0.8        1          20         1.6        7000       0.049      0.6711     0.9624     0.2        0.02       1000       0.06325    0.01       1e-06      1          0.1        3          4          4          1          0.12       0.3        100        3e+05      2000       5          4.5e+07    67        
1P_p13_2     0.3        0.8        1          20         1.6        7000       0.049      0.6711     0.9624     0.2        0.02       1000       0.2        0.01       1e-06      1          0.1        3          4          4          1          0.12       0.3        100        3e+05      2000       5          4.5e+07    67        
1P_p14_n2    0.3        0.8        1          20         1.6        7000       0.049      0.6711     0.9624     0.2        0.02       1000       0.02       0.001      1e-06      1          0.1        3          4          4          1          0.12       0.3        100        3e+05      2000       5          4.5e+07    67        
1P_p14_n1    0.3        0.8        1          20         1.6        7000       0.049      0.6711     0.9624     0.2        0.02       1000       0.02       0.003162   1e-06      1          0.1        3          4          4          1          0.12       0.3        100        3e+05      2000       5          4.5e+07    67        
1P_p14_0     0.3        0.8        1          20         1.6        7000       0.049      0.6711     0.9624     0.2        0.02       1000       0.02       0.01       1e-06      1          0.1        3          4          4          1          0.12       0.3        100        3e+05      2000       5          4.5e+07    67        
1P_p14_1     0.3        0.8        1          20         1.6        7000       0.049      0.6711     0.9624     0.2        0.02       1000       0.02       0.03162    1e-06      1          0.1        3          4          4          1          0.12       0.3        100        3e+05      2000       5          4.5e+07    67        
1P_p14_2     0.3        0.8        1          20         1.6        7000       0.049      0.6711     0.9624     0.2        0.02       1000       0.02       0.1        1e-06      1          0.1        3          4          4          1          0.12       0.3        100        3e+05      2000       5          4.5e+07    67        
1P_p15_n2    0.3        0.8        1          20         1.6        7000       0.049      0.6711     0.9624     0.2        0.02       1000       0.02       0.01       1e-07      1          0.1        3          4          4          1          0.12       0.3        100        3e+05      2000       5          4.5e+07    67        
1P_p15_n1    0.3        0.8        1          20         1.6        7000       0.049      0.6711     0.9624     0.2        0.02       1000       0.02       0.01       3.162e-07  1          0.1        3          4          4          1          0.12       0.3        100        3e+05      2000       5          4.5e+07    67        
1P_p15_0     0.3        0.8        1          20         1.6        7000       0.049      0.6711     0.9624     0.2        0.02       1000       0.02       0.01       1e-06      1          0.1        3          4          4          1          0.12       0.3        100        3e+05      2000       5          4.5e+07    67        
1P_p15_1     0.3        0.8        1          20         1.6        7000       0.049      0.6711     0.9624     0.2        0.02       1000       0.02       0.01       3.162e-06  1          0.1        3          4          4          1          0.12       0.3        100        3e+05      2000       5          4.5e+07    67        
1P_p15_2     0.3        0.8        1          20         1.6        7000       0.049      0.6711     0.9624     0.2        0.02       1000       0.02       0.01       1e-05      1          0.1        3          4          4          1          0.12       0.3        100        3e+05      2000       5          4.5e+07    67        
1P_p16_n2    0.3        0.8        1          20         1.6        7000       0.049      0.6711     0.9624     0.2        0.02       1000       0.02       0.01       1e-06      0.25       0.1        3          4          4          1          0.12       0.3        100        3e+05      2000       5          4.5e+07    67        
1P_p16_n1    0.3        0.8        1          20         1.6        7000       0.049      0.6711     0.9624     0.2        0.02       1000       0.02       0.01       1e-06      0.5        0.1        3          4          4          1          0.12       0.3        100        3e+05      2000       5          4.5e+07    67        
1P_p16_0     0.3        0.8        1          20         1.6        7000       0.049      0.6711     0.9624     0.2        0.02       1000       0.02       0.01       1e-06      1          0.1        3          4          4          1          0.12       0.3        100        3e+05      2000       5          4.5e+07    67        
1P_p16_1     0.3        0.8        1          20         1.6        7000       0.049      0.6711     0.9624     0.2        0.02       1000       0.02       0.01       1e-06      2          0.1        3          4          4          1          0.12       0.3        100        3e+05      2000       5          4.5e+07    67        
1P_p16_2     0.3        0.8        1          20         1.6        7000       0.049      0.6711     0.9624     0.2        0.02       1000       0.02       0.01       1e-06      4          0.1        3          4          4          1          0.12       0.3        100        3e+05      2000       5          4.5e+07    67        
1P_p17_n2    0.3        0.8        1          20         1.6        7000       0.049      0.6711     0.9624     0.2        0.02       1000       0.02       0.01       1e-06      1          0.025      3          4          4          1          0.12       0.3        100        3e+05      2000       5          4.5e+07    67        
1P_p17_n1    0.3        0.8        1          20         1.6        7000       0.049      0.6711     0.9624     0.2        0.02       1000       0.02       0.01       1e-06      1          0.05       3          4          4          1          0.12       0.3        100        3e+05      2000       5          4.5e+07    67        
1P_p17_0     0.3        0.8        1          20         1.6        7000       0.049      0.6711     0.9624     0.2        0.02       1000       0.02       0.01       1e-06      1          0.1        3          4          4          1          0.12       0.3        100        3e+05      2000       5          4.5e+07    67        
1P_p17_1     0.3        0.8        1          20         1.6        7000       0.049      0.6711     0.9624     0.2        0.02       1000       0.02       0.01       1e-06      1          0.2        3          4          4          1          0.12       0.3        100        3e+05      2000       5          4.5e+07    67        
1P_p17_2     0.3        0.8        1          20         1.6        7000       0.049      0.6711     0.9624     0.2        0.02       1000       0.02       0.01       1e-06      1          0.4        3          4          4          1          0.12       0.3        100        3e+05      2000       5          4.5e+07    67        
1P_p18_n2    0.3        0.8        1          20         1.6        7000       0.049      0.6711     0.9624     0.2        0.02       1000       0.02       0.01       1e-06      1          0.1        0.75       4          4          1          0.12       0.3        100        3e+05      2000       5          4.5e+07    67        
1P_p18_n1    0.3        0.8        1          20         1.6        7000       0.049      0.6711     0.9624     0.2        0.02       1000       0.02       0.01       1e-06      1          0.1        1.5        4          4          1          0.12       0.3        100        3e+05      2000       5          4.5e+07    67        
1P_p18_0     0.3        0.8        1          20         1.6        7000       0.049      0.6711     0.9624     0.2        0.02       1000       0.02       0.01       1e-06      1          0.1        3          4          4          1          0.12       0.3        100        3e+05      2000       5          4.5e+07    67        
1P_p18_1     0.3        0.8        1          20         1.6        7000       0.049      0.6711     0.9624     0.2        0.02       1000       0.02       0.01       1e-06      1          0.1        6          4          4          1          0.12       0.3        100        3e+05      2000       5          4.5e+07    67        
1P_p18_2     0.3        0.8        1          20         1.6        7000       0.049      0.6711     0.9624     0.2        0.02       1000       0.02       0.01       1e-06      1          0.1        12         4          4          1          0.12       0.3        100        3e+05      2000       5          4.5e+07    67        
1P_p19_n2    0.3        0.8        1          20         1.6        7000       0.049      0.6711     0.9624     0.2        0.02       1000       0.02       0.01       1e-06      1          0.1        3          2          4          1          0.12       0.3        100        3e+05      2000       5          4.5e+07    67        
1P_p19_n1    0.3        0.8        1          20         1.6        7000       0.049      0.6711     0.9624     0.2        0.02       1000       0.02       0.01       1e-06      1          0.1        3          3          4          1          0.12       0.3        100        3e+05      2000       5          4.5e+07    67        
1P_p19_0     0.3        0.8        1          20         1.6        7000       0.049      0.6711     0.9624     0.2        0.02       1000       0.02       0.01       1e-06      1          0.1        3          4          4          1          0.12       0.3        100        3e+05      2000       5          4.5e+07    67        
1P_p19_1     0.3        0.8        1          20         1.6        7000       0.049      0.6711     0.9624     0.2        0.02       1000       0.02       0.01       1e-06      1          0.1        3          5          4          1          0.12       0.3        100        3e+05      2000       5          4.5e+07    67        
1P_p19_2     0.3        0.8        1          20         1.6        7000       0.049      0.6711     0.9624     0.2        0.02       1000       0.02       0.01       1e-06      1          0.1        3          6          4          1          0.12       0.3        100        3e+05      2000       5          4.5e+07    67        
1P_p20_n2    0.3        0.8        1          20         1.6        7000       0.049      0.6711     0.9624     0.2        0.02       1000       0.02       0.01       1e-06      1          0.1        3          4          2          1          0.12       0.3        100        3e+05      2000       5          4.5e+07    67        
1P_p20_n1    0.3        0.8        1          20         1.6        7000       0.049      0.6711     0.9624     0.2        0.02       1000       0.02       0.01       1e-06      1          0.1        3          4          2.828      1          0.12       0.3        100        3e+05      2000       5          4.5e+07    67        
1P_p20_0     0.3        0.8        1          20         1.6        7000       0.049      0.6711     0.9624     0.2        0.02       1000       0.02       0.01       1e-06      1          0.1        3          4          4          1          0.12       0.3        100        3e+05      2000       5          4.5e+07    67        
1P_p20_1     0.3        0.8        1          20         1.6        7000       0.049      0.6711     0.9624     0.2        0.02       1000       0.02       0.01       1e-06      1          0.1        3          4          5.657      1          0.12       0.3        100        3e+05      2000       5          4.5e+07    67        
1P_p20_2     0.3        0.8        1          20         1.6        7000       0.049      0.6711     0.9624     0.2        0.02       1000       0.02       0.01       1e-06      1          0.1        3          4          8          1          0.12       0.3        100        3e+05      2000       5          4.5e+07    67        
1P_p21_n2    0.3        0.8        1          20         1.6        7000       0.049      0.6711     0.9624     0.2        0.02       1000       0.02       0.01       1e-06      1          0.1        3          4          4          0.25       0.12       0.3        100        3e+05      2000       5          4.5e+07    67        
1P_p21_n1    0.3        0.8        1          20         1.6        7000       0.049      0.6711     0.9624     0.2        0.02       1000       0.02       0.01       1e-06      1          0.1        3          4          4          0.5        0.12       0.3        100        3e+05      2000       5          4.5e+07    67        
1P_p21_0     0.3        0.8        1          20         1.6        7000       0.049      0.6711     0.9624     0.2        0.02       1000       0.02       0.01       1e-06      1          0.1        3          4          4          1          0.12       0.3        100        3e+05      2000       5          4.5e+07    67        
1P_p21_1     0.3        0.8        1          20         1.6        7000       0.049      0.6711     0.9624     0.2        0.02       1000       0.02       0.01       1e-06      1          0.1        3          4          4          2          0.12       0.3        100        3e+05      2000       5          4.5e+07    67        
1P_p21_2     0.3        0.8        1          20         1.6        7000       0.049      0.6711     0.9624     0.2        0.02       1000       0.02       0.01       1e-06      1          0.1        3          4          4          4          0.12       0.3        100        3e+05      2000       5          4.5e+07    67        
1P_p22_n2    0.3        0.8        1          20         1.6        7000       0.049      0.6711     0.9624     0.2        0.02       1000       0.02       0.01       1e-06      1          0.1        3          4          4          1          -0.38      0.3        100        3e+05      2000       5          4.5e+07    67        
1P_p22_n1    0.3        0.8        1          20         1.6        7000       0.049      0.6711     0.9624     0.2        0.02       1000       0.02       0.01       1e-06      1          0.1        3          4          4          1          -0.13      0.3        100        3e+05      2000       5          4.5e+07    67        
1P_p22_0     0.3        0.8        1          20         1.6        7000       0.049      0.6711     0.9624     0.2        0.02       1000       0.02       0.01       1e-06      1          0.1        3          4          4          1          0.12       0.3        100        3e+05      2000       5          4.5e+07    67        
1P_p22_1     0.3        0.8        1          20         1.6        7000       0.049      0.6711     0.9624     0.2        0.02       1000       0.02       0.01       1e-06      1          0.1        3          4          4          1          0.37       0.3        100        3e+05      2000       5          4.5e+07    67        
1P_p22_2     0.3        0.8        1          20         1.6        7000       0.049      0.6711     0.9624     0.2        0.02       1000       0.02       0.01       1e-06      1          0.1        3          4          4          1          0.62       0.3        100        3e+05      2000       5          4.5e+07    67        
1P_p23_n2    0.3        0.8        1          20         1.6        7000       0.049      0.6711     0.9624     0.2        0.02       1000       0.02       0.01       1e-06      1          0.1        3          4          4          1          0.12       0          100        3e+05      2000       5          4.5e+07    67        
1P_p23_n1    0.3        0.8        1          20         1.6        7000       0.049      0.6711     0.9624     0.2        0.02       1000       0.02       0.01       1e-06      1          0.1        3          4          4          1          0.12       0.15       100        3e+05      2000       5          4.5e+07    67        
1P_p23_0     0.3        0.8        1          20         1.6        7000       0.049      0.6711     0.9624     0.2        0.02       1000       0.02       0.01       1e-06      1          0.1        3          4          4          1          0.12       0.3        100        3e+05      2000       5          4.5e+07    67        
1P_p23_1     0.3        0.8        1          20         1.6        7000       0.049      0.6711     0.9624     0.2        0.02       1000       0.02       0.01       1e-06      1          0.1        3          4          4          1          0.12       0.45       100        3e+05      2000       5          4.5e+07    67        
1P_p23_2     0.3        0.8        1          20         1.6        7000       0.049      0.6711     0.9624     0.2        0.02       1000       0.02       0.01       1e-06      1          0.1        3          4          4          1          0.12       0.6        100        3e+05      2000       5          4.5e+07    67        
1P_p24_n2    0.3        0.8        1          20         1.6        7000       0.049      0.6711     0.9624     0.2        0.02       1000       0.02       0.01       1e-06      1          0.1        3          4          4          1          0.12       0.3        25         3e+05      2000       5          4.5e+07    67        
1P_p24_n1    0.3        0.8        1          20         1.6        7000       0.049      0.6711     0.9624     0.2        0.02       1000       0.02       0.01       1e-06      1          0.1        3          4          4          1          0.12       0.3        50         3e+05      2000       5          4.5e+07    67        
1P_p24_0     0.3        0.8        1          20         1.6        7000       0.049      0.6711     0.9624     0.2        0.02       1000       0.02       0.01       1e-06      1          0.1        3          4          4          1          0.12       0.3        100        3e+05      2000       5          4.5e+07    67        
1P_p24_1     0.3        0.8        1          20         1.6        7000       0.049      0.6711     0.9624     0.2        0.02       1000       0.02       0.01       1e-06      1          0.1        3          4          4          1          0.12       0.3        200        3e+05      2000       5          4.5e+07    67        
1P_p24_2     0.3        0.8        1          20         1.6        7000       0.049      0.6711     0.9624     0.2        0.02       1000       0.02       0.01       1e-06      1          0.1        3          4          4          1          0.12       0.3        400        3e+05      2000       5          4.5e+07    67        
1P_p25_n2    0.3        0.8        1          20         1.6        7000       0.049      0.6711     0.9624     0.2        0.02       1000       0.02       0.01       1e-06      1          0.1        3          4          4          1          0.12       0.3        100        3e+04      2000       5          4.5e+07    67        
1P_p25_n1    0.3        0.8        1          20         1.6        7000       0.049      0.6711     0.9624     0.2        0.02       1000       0.02       0.01       1e-06      1          0.1        3          4          4          1          0.12       0.3        100        9.487e+04  2000       5          4.5e+07    67        
1P_p25_0     0.3        0.8        1          20         1.6        7000       0.049      0.6711     0.9624     0.2        0.02       1000       0.02       0.01       1e-06      1          0.1        3          4          4          1          0.12       0.3        100        3e+05      2000       5          4.5e+07    67        
1P_p25_1     0.3        0.8        1          20         1.6        7000       0.049      0.6711     0.9624     0.2        0.02       1000       0.02       0.01       1e-06      1          0.1        3          4          4          1          0.12       0.3        100        9.487e+05  2000       5          4.5e+07    67        
1P_p25_2     0.3        0.8        1          20         1.6        7000       0.049      0.6711     0.9624     0.2        0.02       1000       0.02       0.01       1e-06      1          0.1        3          4          4          1          0.12       0.3        100        3e+06      2000       5          4.5e+07    67        
1P_p26_n2    0.3        0.8        1          20         1.6        7000       0.049      0.6711     0.9624     0.2        0.02       1000       0.02       0.01       1e-06      1          0.1        3          4          4          1          0.12       0.3        100        3e+05      500        5          4.5e+07    67        
1P_p26_n1    0.3        0.8        1          20         1.6        7000       0.049      0.6711     0.9624     0.2        0.02       1000       0.02       0.01       1e-06      1          0.1        3          4          4          1          0.12       0.3        100        3e+05      1000       5          4.5e+07    67        
1P_p26_0     0.3        0.8        1          20         1.6        7000       0.049      0.6711     0.9624     0.2        0.02       1000       0.02       0.01       1e-06      1          0.1        3          4          4          1          0.12       0.3        100        3e+05      2000       5          4.5e+07    67        
1P_p26_1     0.3        0.8        1          20         1.6        7000       0.049      0.6711     0.9624     0.2        0.02       1000       0.02       0.01       1e-06      1          0.1        3          4          4          1          0.12       0.3        100        3e+05      4000       5          4.5e+07    67        
1P_p26_2     0.3        0.8        1          20         1.6        7000       0.049      0.6711     0.9624     0.2        0.02       1000       0.02       0.01       1e-06      1          0.1        3          4          4          1          0.12       0.3        100        3e+05      8000       5          4.5e+07    67        
1P_p27_n2    0.3        0.8        1          20         1.6        7000       0.049      0.6711     0.9624     0.2        0.02       1000       0.02       0.01       1e-06      1          0.1        3          4          4          1          0.12       0.3        100        3e+05      2000       4          4.5e+07    67        
1P_p27_n1    0.3        0.8        1          20         1.6        7000       0.049      0.6711     0.9624     0.2        0.02       1000       0.02       0.01       1e-06      1          0.1        3          4          4          1          0.12       0.3        100        3e+05      2000       4.5        4.5e+07    67        
1P_p27_0     0.3        0.8        1          20         1.6        7000       0.049      0.6711     0.9624     0.2        0.02       1000       0.02       0.01       1e-06      1          0.1        3          4          4          1          0.12       0.3        100        3e+05      2000       5          4.5e+07    67        
1P_p27_1     0.3        0.8        1          20         1.6        7000       0.049      0.6711     0.9624     0.2        0.02       1000       0.02       0.01       1e-06      1          0.1        3          4          4          1          0.12       0.3        100        3e+05      2000       5.5        4.5e+07    67        
1P_p27_2     0.3        0.8        1          20         1.6        7000       0.049      0.6711     0.9624     0.2        0.02       1000       0.02       0.01       1e-06      1          0.1        3          4          4          1          0.12       0.3        100        3e+05      2000       6          4.5e+07    67        
1P_p28_n2    0.3        0.8        1          20         1.6        7000       0.049      0.6711     0.9624     0.2        0.02       1000       0.02       0.01       1e-06      1          0.1        3          4          4          1          0.12       0.3        100        3e+05      2000       5          4.5e+06    67        
1P_p28_n1    0.3        0.8        1          20         1.6        7000       0.049      0.6711     0.9624     0.2        0.02       1000       0.02       0.01       1e-06      1          0.1        3          4          4          1          0.12       0.3        100        3e+05      2000       5          1.423e+07  67        
1P_p28_0     0.3        0.8        1          20         1.6        7000       0.049      0.6711     0.9624     0.2        0.02       1000       0.02       0.01       1e-06      1          0.1        3          4          4          1          0.12       0.3        100        3e+05      2000       5          4.5e+07    67        
1P_p28_1     0.3        0.8        1          20         1.6        7000       0.049      0.6711     0.9624     0.2        0.02       1000       0.02       0.01       1e-06      1          0.1        3          4          4          1          0.12       0.3        100        3e+05      2000       5          1.423e+08  67        
1P_p28_2     0.3        0.8        1          20         1.6        7000       0.049      0.6711     0.9624     0.2        0.02       1000       0.02       0.01       1e-06      1          0.1        3          4          4          1          0.12       0.3        100        3e+05      2000       5          4.5e+08    67        
