#Name Omega_m sigma_8 A_SN1 A_AGN1 A_SN2 A_AGN2 seed
LH_0 0.23360 0.75126 0.71392 1.68245 1.69801 1.75754 30000
LH_1 0.32165 0.97063 2.47354 0.34004 1.28329 1.37099 30001
LH_2 0.13802 0.95333 0.39016 1.02934 0.79747 0.89103 30002
LH_3 0.29926 0.79359 2.17552 1.05756 0.76991 1.90332 30003
LH_4 0.10865 0.75196 0.39978 3.95205 1.31840 0.72992 30004
LH_5 0.18898 0.65130 1.11967 1.08197 1.51151 1.12969 30005
LH_6 0.33411 0.60541 3.58524 2.48291 1.09593 1.07034 30006
LH_7 0.39196 0.78367 0.62153 2.26079 0.56165 0.57628 30007
LH_8 0.32589 0.82706 0.40507 1.97661 0.84552 1.82556 30008
LH_9 0.16018 0.85731 0.41139 0.65637 1.79049 1.14082 30009
LH_10 0.45776 0.96799 0.25630 0.71898 0.53389 1.83343 30010
LH_11 0.11505 0.89103 0.37763 1.06368 1.17735 1.20193 30011
LH_12 0.23319 0.97894 0.47450 1.76517 1.65125 0.84337 30012
LH_13 0.26480 0.75754 3.87827 0.37251 0.55029 0.84948 30013
LH_14 0.21426 0.69883 0.31011 3.23461 0.55811 1.25990 30014
LH_15 0.42217 0.83164 1.29111 3.13685 1.00103 1.67553 30015
LH_16 0.33127 0.74374 1.74635 1.65969 1.35699 1.18856 30016
LH_17 0.33737 0.88355 0.76997 0.29859 1.56377 0.60956 30017
LH_18 0.38188 0.72759 0.88423 0.50695 1.37464 0.82000 30018
LH_19 0.24028 0.82021 3.76750 1.43567 1.50204 0.65355 30019
LH_20 0.36649 0.63793 0.26923 3.88348 0.99816 1.73168 30020
LH_21 0.49174 0.95883 2.54833 0.68113 1.46651 0.75718 30021
LH_22 0.17246 0.65238 1.29573 0.40565 1.19866 0.67436 30022
LH_23 0.44749 0.77210 0.28454 0.30900 1.33561 0.62847 30023
LH_24 0.19034 0.75387 0.26750 1.13353 0.61066 0.85879 30024
LH_25 0.22478 0.74635 3.90659 1.44939 1.01024 0.70230 30025
LH_26 0.33259 0.75824 0.33991 0.80629 0.67154 0.81023 30026
LH_27 0.29733 0.64001 1.77858 0.29667 1.96852 0.64323 30027
LH_28 0.24627 0.83203 0.57470 2.55718 0.77560 0.76487 30028
LH_29 0.14485 0.95028 2.80492 0.36532 0.54988 0.73795 30029
LH_30 0.19695 0.69346 2.10349 2.11877 1.14501 0.67455 30030
LH_31 0.49270 0.89344 0.49918 0.40746 1.54396 0.54277 30031
LH_32 0.31936 0.88145 1.82531 2.93819 1.03100 0.95538 30032
LH_33 0.20987 0.82166 2.68293 2.13510 1.29201 1.05805 30033
LH_34 0.11998 0.76024 2.28722 0.33469 0.53975 0.76361 30034
LH_35 0.15153 0.80467 0.97311 1.01011 0.96871 1.79409 30035
LH_36 0.34485 0.95729 0.41506 1.05171 1.07249 1.03352 30036
LH_37 0.27532 0.91981 0.66217 2.27452 0.62691 0.62620 30037
LH_38 0.48278 0.71590 0.28874 1.18325 0.67292 1.64544 30038
LH_39 0.45601 0.71652 0.38232 0.33201 1.45276 0.54520 30039
LH_40 0.46907 0.66467 1.07807 0.41226 0.52799 0.51652 30040
LH_41 0.13378 0.85358 0.41250 1.07118 1.40581 0.73816 30041
LH_42 0.43497 0.82096 0.60250 0.62851 0.56379 0.59135 30042
LH_43 0.17549 0.91800 0.83035 2.71001 1.34784 0.54779 30043
LH_44 0.10222 0.77056 1.17864 0.37302 1.97720 0.99682 30044
LH_45 0.49329 0.67216 0.30879 0.65888 0.91890 1.19745 30045
LH_46 0.30076 0.72151 0.36454 0.62108 1.85941 1.51611 30046
LH_47 0.28162 0.91670 0.71702 0.29059 1.11129 0.90086 30047
LH_48 0.42287 0.73538 1.30423 0.28462 0.88505 1.77914 30048
LH_49 0.15746 0.69531 0.30356 0.31890 0.58531 0.58301 30049
LH_50 0.32753 0.65383 2.56043 0.27435 0.59471 0.50080 30050
LH_51 0.27437 0.81604 0.47157 0.26068 1.52477 1.53290 30051
LH_52 0.18235 0.75275 0.30534 2.71435 1.12307 1.49084 30052
LH_53 0.18618 0.73906 0.42021 1.31822 0.70692 0.60643 30053
LH_54 0.28981 0.99426 0.31075 0.54593 1.02400 0.88512 30054
LH_55 0.36748 0.84402 2.26910 0.47343 0.56665 1.12254 30055
LH_56 0.35961 0.67771 3.16377 1.85294 1.70872 0.55388 30056
LH_57 0.28583 0.62138 0.83911 0.92785 1.82512 0.92219 30057
LH_58 0.20834 0.73838 1.76902 3.04200 0.64818 0.80089 30058
LH_59 0.36447 0.64348 2.24729 3.67541 1.04159 1.85411 30059
LH_60 0.13190 0.73977 0.32678 1.57317 1.76642 0.75149 30060
LH_61 0.12239 0.70936 0.60095 0.30582 1.20599 1.95558 30061
LH_62 0.20009 0.76356 1.57665 2.94086 0.61709 1.76632 30062
LH_63 0.10960 0.67458 0.36671 1.62674 1.05125 0.63746 30063
LH_64 0.41075 0.67833 0.60976 0.78820 1.45574 0.93858 30064
LH_65 0.46974 0.62949 0.86514 0.47782 1.30564 1.87098 30065
LH_66 0.45881 0.64720 0.63406 0.53210 1.82794 1.72188 30066
LH_67 0.18063 0.63690 2.44657 0.71526 1.00613 0.87331 30067
LH_68 0.36286 0.95770 2.16404 0.48863 0.74944 1.75896 30068
LH_69 0.20102 0.79639 1.44814 1.03538 0.61234 1.16003 30069
LH_70 0.43885 0.96987 1.48789 0.36970 0.93635 0.52563 30070
LH_71 0.26023 0.69018 2.10890 0.61030 0.76028 0.84705 30071
LH_72 0.49457 0.90402 2.95811 2.52193 0.76805 1.61537 30072
LH_73 0.14899 0.94124 0.39224 2.12259 1.20249 0.68412 30073
LH_74 0.46084 0.78534 1.09878 2.39759 1.68689 0.52648 30074
LH_75 0.43661 0.90133 2.88245 1.04179 1.86160 0.97963 30075
LH_76 0.23770 0.88562 0.98582 0.64000 0.63374 0.51994 30076
LH_77 0.24116 0.82559 2.39564 1.00303 0.50680 0.51094 30077
LH_78 0.13492 0.93919 2.57904 0.42791 1.11800 0.93086 30078
LH_79 0.13545 0.74796 0.37181 3.68236 0.76261 0.65154 30079
LH_80 0.46866 0.75286 2.39262 1.65375 1.61040 1.15538 30080
LH_81 0.43936 0.72167 2.41611 2.50391 1.84032 1.42933 30081
LH_82 0.23802 0.79825 0.86292 2.64386 0.57945 0.53432 30082
LH_83 0.21921 0.87914 0.52944 3.03006 1.47951 1.36330 30083
LH_84 0.38854 0.69570 0.91983 0.39242 0.62856 0.64749 30084
LH_85 0.43826 0.98715 0.41526 0.30620 0.64232 1.51116 30085
LH_86 0.10521 0.73720 0.36642 2.86879 0.55287 1.43469 30086
LH_87 0.20155 0.96409 1.70504 0.87476 1.53943 1.34958 30087
LH_88 0.22711 0.69805 3.13253 1.77452 1.73649 1.24872 30088
LH_89 0.33360 0.64426 2.47968 0.83933 1.01754 0.86269 30089
LH_90 0.27652 0.86610 3.65429 0.51069 1.40932 0.58499 30090
LH_91 0.11131 0.95314 3.07774 2.31879 1.12682 1.23540 30091
LH_92 0.42072 0.82863 0.42264 0.51192 1.31558 1.56278 30092
LH_93 0.39963 0.73039 0.36028 0.32802 1.36025 0.78709 30093
LH_94 0.44591 0.66652 1.05008 0.90874 1.67804 0.75268 30094
LH_95 0.19894 0.90618 0.62643 1.83135 0.88058 1.54402 30095
LH_96 0.26785 0.94319 0.99189 0.75724 0.51818 1.27786 30096
LH_97 0.16671 0.61058 0.85413 0.66997 1.64777 1.15776 30097
LH_98 0.43062 0.71085 1.30645 0.28202 1.66681 1.71510 30098
LH_99 0.28602 0.65670 2.79479 0.29948 0.56802 1.98663 30099
LH_100 0.29474 0.97786 2.52995 1.21711 0.65310 1.46469 30100
LH_101 0.34474 0.97662 2.33480 3.21544 0.63429 1.12998 30101
LH_102 0.29344 0.90766 0.43866 0.27737 0.57046 0.60211 30102
LH_103 0.30724 0.87670 0.60025 0.49494 1.29036 1.09028 30103
LH_104 0.31256 0.68948 1.52287 0.71426 1.71779 0.58860 30104
LH_105 0.17494 0.76161 2.84137 1.16203 0.80949 0.90803 30105
LH_106 0.31020 0.79302 2.32699 1.88003 1.30005 1.44061 30106
LH_107 0.24412 0.69264 1.61749 2.54900 1.74447 1.80601 30107
LH_108 0.49706 0.92771 0.69788 0.27082 1.87577 0.96248 30108
LH_109 0.35699 0.72629 1.68441 2.36383 1.84441 0.50809 30109
LH_110 0.16338 0.60006 1.03662 3.15269 0.93788 1.26983 30110
LH_111 0.49937 0.68897 0.82760 0.96788 0.58382 1.13668 30111
LH_112 0.10767 0.86121 1.08252 0.52563 0.89651 0.59095 30112
LH_113 0.33446 0.82348 0.71548 0.31126 1.61593 0.53724 30113
LH_114 0.22386 0.61744 0.38646 0.61555 0.78226 0.86491 30114
LH_115 0.22034 0.69420 1.85275 0.59450 0.50426 0.78003 30115
LH_116 0.33870 0.68719 1.96149 0.95541 1.70594 0.69988 30116
LH_117 0.23643 0.93291 0.68718 1.12082 1.99914 1.37758 30117
LH_118 0.44866 0.77326 1.16707 0.39438 1.51862 0.96391 30118
LH_119 0.23162 0.60285 0.71279 2.58164 0.71267 1.37645 30119
LH_120 0.10362 0.64589 0.48117 0.91249 1.49365 0.68655 30120
LH_121 0.36979 0.96565 0.92063 1.09272 0.63261 1.67838 30121
LH_122 0.38442 0.87415 3.37402 2.32423 1.14552 0.76915 30122
LH_123 0.12187 0.71993 2.85286 0.67783 0.99196 0.74283 30123
LH_124 0.16126 0.71861 2.28029 0.28947 1.42888 1.02717 30124
LH_125 0.32844 0.61563 0.97768 1.25609 1.72966 0.91910 30125
LH_126 0.39378 0.78065 0.25407 3.51128 0.96744 0.65767 30126
LH_127 0.34796 0.76392 2.60565 2.73213 1.67963 0.76307 30127
LH_128 0.13343 0.62544 2.83468 0.39051 0.71577 1.65304 30128
LH_129 0.27037 0.84294 0.93851 2.97567 1.10260 1.36150 30129
LH_130 0.36603 0.68408 1.78463 0.26746 1.21278 0.94613 30130
LH_131 0.24783 0.90263 0.56821 0.81079 0.67193 1.09482 30131
LH_132 0.39909 0.80542 3.72562 2.56439 1.15450 1.30824 30132
LH_133 0.14278 0.60494 0.56494 0.46850 0.92047 1.21580 30133
LH_134 0.17371 0.63138 0.61274 1.51493 0.75531 0.73156 30134
LH_135 0.23128 0.61779 0.48432 1.99731 0.57706 0.86097 30135
LH_136 0.12023 0.81985 2.13183 2.38578 0.68463 1.43102 30136
LH_137 0.36053 0.67934 1.25601 2.08675 0.55602 1.35459 30137
LH_138 0.48559 0.66685 2.04218 3.70506 0.68003 0.62731 30138
LH_139 0.15631 0.98150 0.52594 2.81738 0.65531 1.73548 30139
LH_140 0.11452 0.83725 1.27938 0.75316 1.97843 1.14866 30140
LH_141 0.42695 0.63393 0.54528 0.94181 1.91981 0.81193 30141
LH_142 0.13093 0.98043 1.39808 0.41348 1.25086 1.45342 30142
LH_143 0.27290 0.90445 0.27330 2.99128 1.08936 0.54048 30143
LH_144 0.44197 0.81038 3.98352 0.77031 0.77451 1.97877 30144
LH_145 0.19215 0.92125 1.01811 1.70115 1.33112 1.04160 30145
LH_146 0.38487 0.82985 0.51972 1.08778 0.70757 0.83551 30146
LH_147 0.26066 0.84060 1.02070 2.42613 0.50611 1.53716 30147
LH_148 0.40023 0.72489 1.62148 0.38715 1.10185 0.67585 30148
LH_149 0.25581 0.66123 0.35622 0.49096 0.74166 0.54888 30149
LH_150 0.16410 0.85083 2.00460 0.71137 1.04260 1.84657 30150
LH_151 0.35316 0.61232 3.32578 1.84554 0.60268 1.71374 30151
LH_152 0.22433 0.85308 3.40893 0.62032 1.28629 1.87361 30152
LH_153 0.17859 0.77998 2.75518 0.27692 1.15771 1.30191 30153
LH_154 0.12787 0.78930 0.26512 0.37897 0.63088 0.56803 30154
LH_155 0.16955 0.80277 0.60856 0.90435 1.07728 1.01022 30155
LH_156 0.40828 0.81846 1.21034 2.11202 1.97119 0.69633 30156
LH_157 0.31173 0.80306 2.80741 0.49319 0.57768 0.74722 30157
LH_158 0.16222 0.87849 0.76292 2.34654 0.67882 1.38142 30158
LH_159 0.26578 0.81385 1.94830 2.63410 0.57360 0.90712 30159
LH_160 0.37547 0.99668 3.73318 0.59025 0.66916 1.03800 30160
LH_161 0.25293 0.84200 2.34061 0.63970 0.54901 1.29178 30161
LH_162 0.44092 0.91586 1.74504 2.54159 1.47686 0.51234 30162
LH_163 0.12714 0.77518 1.79269 2.08375 1.87377 0.57386 30163
LH_164 0.17892 0.64170 0.95349 2.45675 0.89898 1.05534 30164
LH_165 0.25805 0.72047 0.88973 1.94454 1.23113 0.71894 30165
LH_166 0.44327 0.80510 0.31604 3.33340 0.70511 0.85190 30166
LH_167 0.35828 0.97717 0.80951 1.24077 0.83197 1.40206 30167
LH_168 0.37741 0.67589 0.43714 3.19664 1.02617 1.25208 30168
LH_169 0.13911 0.95183 0.59703 2.19614 1.22159 1.59664 30169
LH_170 0.20571 0.98772 1.20652 0.25624 0.77063 0.61572 30170
LH_171 0.21516 0.62906 3.75030 0.42229 0.77786 0.82802 30171
LH_172 0.49149 0.78441 2.22919 1.02699 0.75846 1.47865 30172
LH_173 0.15384 0.74158 0.79124 1.38385 0.79252 1.42558 30173
LH_174 0.17400 0.87771 0.33468 3.08568 1.76125 1.06180 30174
LH_175 0.32506 0.81286 3.21307 0.87712 0.50129 0.70696 30175
LH_176 0.46134 0.89909 1.18333 0.60347 0.75701 1.78462 30176
LH_177 0.39238 0.80196 0.88629 0.38886 1.83156 1.22909 30177
LH_178 0.35090 0.85985 1.81431 1.08451 0.52279 1.69863 30178
LH_179 0.25791 0.73730 0.67537 0.30080 1.94833 0.83286 30179
LH_180 0.22580 0.77191 0.44827 1.61582 0.94614 1.21626 30180
LH_181 0.28153 0.89413 2.22790 1.20164 1.37746 1.28713 30181
LH_182 0.13723 0.98679 2.93893 2.45198 0.98711 0.85603 30182
LH_183 0.42406 0.87127 0.49440 0.31955 0.91484 1.03605 30183
LH_184 0.47205 0.61503 2.21081 2.65698 0.73544 1.22667 30184
LH_185 0.26396 0.84957 1.51153 2.01178 1.99102 1.10327 30185
LH_186 0.20541 0.64818 0.59305 0.37643 0.66673 1.16747 30186
LH_187 0.30687 0.76859 0.30015 2.10178 0.57264 0.86433 30187
LH_188 0.26353 0.88396 1.34798 0.30480 1.04454 1.16934 30188
LH_189 0.18517 0.83532 2.36927 3.66333 1.40242 0.60415 30189
LH_190 0.39254 0.79969 3.05230 0.39544 1.04046 0.96549 30190
LH_191 0.32386 0.98418 0.75103 0.34491 1.20865 1.08211 30191
LH_192 0.22289 0.75039 2.43016 1.49149 1.17319 0.97301 30192
LH_193 0.11954 0.66542 0.34204 0.40017 1.95247 0.75158 30193
LH_194 0.39934 0.95456 2.63236 2.88175 0.84214 1.11029 30194
LH_195 0.41147 0.78853 0.58589 2.57039 1.18864 0.95013 30195
LH_196 0.30257 0.66022 1.83770 0.25240 0.71946 0.69814 30196
LH_197 0.24129 0.69235 3.11074 3.72576 1.80765 1.24247 30197
LH_198 0.10974 0.67980 2.14609 1.90609 0.52450 1.00284 30198
LH_199 0.17655 0.97219 3.48902 2.90333 1.26002 1.21047 30199
LH_200 0.40601 0.92523 0.25002 0.74104 0.98847 0.78825 30200
LH_201 0.11875 0.90088 1.78662 0.28748 1.00910 0.53572 30201
LH_202 0.48910 0.73862 2.09752 0.30132 1.68529 1.66991 30202
LH_203 0.24837 0.88662 0.36997 0.78049 1.58013 1.18682 30203
LH_204 0.38765 0.79899 0.30234 2.31254 1.35577 0.84536 30204
LH_205 0.49597 0.99720 1.36118 0.43978 1.44672 1.05373 30205
LH_206 0.43728 0.76669 0.30165 2.49648 0.55230 1.08501 30206
LH_207 0.20893 0.60848 0.25312 1.82797 1.08033 0.76983 30207
LH_208 0.28387 0.66966 1.54051 0.91496 1.99699 1.64002 30208
LH_209 0.40758 0.61282 0.26798 2.61574 0.51422 1.89857 30209
LH_210 0.28497 0.83456 0.35286 0.76777 1.77747 1.51323 30210
LH_211 0.30198 0.83382 1.66865 2.92572 1.33780 1.84088 30211
LH_212 0.15511 0.84280 0.43259 2.78599 1.74913 0.65254 30212
LH_213 0.37095 0.99044 2.84633 3.75478 1.92444 0.56269 30213
LH_214 0.11532 0.85187 0.79887 1.78807 0.66489 0.79705 30214
LH_215 0.30956 0.76415 0.51769 2.22759 0.98577 0.56571 30215
LH_216 0.24353 0.99179 0.96103 1.58832 1.94077 1.28195 30216
LH_217 0.10175 0.98561 0.41839 0.26593 1.89141 1.51540 30217
LH_218 0.38246 0.69181 1.07240 2.37071 1.28001 1.29729 30218
LH_219 0.42994 0.73282 2.31766 0.60696 1.16630 1.30621 30219
LH_220 0.19988 0.96267 1.64167 0.55814 1.44995 1.23837 30220
LH_221 0.29867 0.79177 1.38069 0.55293 1.03267 0.50394 30221
LH_222 0.25418 0.74214 0.45345 3.74810 0.51750 0.78245 30222
LH_223 0.27637 0.81684 1.66376 3.15097 0.53797 0.56698 30223
LH_224 0.14973 0.64364 0.26086 1.26032 0.54845 1.23778 30224
LH_225 0.23390 0.63923 0.35864 1.31397 0.55156 0.51310 30225
LH_226 0.10143 0.70996 1.98308 1.70879 0.77220 0.55906 30226
LH_227 0.40043 0.99345 2.18347 1.63315 1.11337 0.57298 30227
LH_228 0.18792 0.64497 2.66571 0.41958 0.97765 1.46394 30228
LH_229 0.44497 0.99750 0.90001 2.96097 0.59147 1.89101 30229
LH_230 0.45162 0.90167 1.99309 0.64337 0.54295 0.53852 30230
LH_231 0.25153 0.62581 0.66103 2.46347 1.98558 1.40955 30231
LH_232 0.27125 0.97808 0.74519 0.74739 1.66207 0.60750 30232
LH_233 0.43621 0.80746 0.62497 0.26055 0.59886 1.18077 30233
LH_234 0.36517 0.99212 0.26428 1.10561 1.75079 0.71242 30234
LH_235 0.10083 0.88863 2.01807 1.40198 0.61319 0.93362 30235
LH_236 0.22726 0.99538 1.13734 0.48438 1.19384 1.91280 30236
LH_237 0.43975 0.84183 0.65580 0.32005 1.29929 1.97748 30237
LH_238 0.43369 0.82258 0.30749 0.84177 0.99377 1.73797 30238
LH_239 0.16880 0.97116 0.35252 0.26979 0.69231 1.83555 30239
LH_240 0.36697 0.92165 0.65268 0.56046 0.66420 0.89987 30240
LH_241 0.32603 0.61328 0.62902 1.46413 1.64506 1.27260 30241
LH_242 0.45420 0.77538 0.99512 0.45660 1.91027 0.50857 30242
LH_243 0.37072 0.70118 1.55875 0.84707 0.78980 0.64682 30243
LH_244 0.18926 0.81797 2.29569 1.94776 0.76402 1.70551 30244
LH_245 0.15567 0.72038 0.88043 0.45018 0.72786 0.56145 30245
LH_246 0.41388 0.93829 0.29227 2.01899 1.38025 0.57441 30246
LH_247 0.34361 0.80066 0.26215 0.25671 1.80597 1.81348 30247
LH_248 0.14366 0.92242 0.45452 1.12727 0.73002 0.67096 30248
LH_249 0.45224 0.85903 0.67644 0.84365 0.68028 0.96755 30249
LH_250 0.31821 0.63612 3.13520 0.38104 0.81086 1.23422 30250
LH_251 0.33589 0.61421 0.32507 1.29805 1.47084 0.55416 30251
LH_252 0.41297 0.96955 3.36607 0.59095 1.65702 0.50682 30252
LH_253 0.42899 0.73920 0.63495 0.30386 1.45825 1.58199 30253
LH_254 0.29047 0.70162 0.51436 0.28690 1.69954 1.13851 30254
LH_255 0.32830 0.79677 2.05671 1.03332 1.31246 0.72625 30255
LH_256 0.25030 0.87526 1.19426 1.96010 1.55362 1.00691 30256
LH_257 0.49723 0.95549 1.26792 3.01517 1.37035 0.67832 30257
LH_258 0.49609 0.78158 0.85127 3.41579 0.87532 1.82266 30258
LH_259 0.45145 0.90223 0.61431 1.80859 0.50938 1.63640 30259
LH_260 0.20702 0.94515 3.22517 0.92242 1.08212 1.14273 30260
LH_261 0.33812 0.84113 1.49816 3.16034 1.14007 0.83252 30261
LH_262 0.12525 0.67013 1.33816 1.04928 1.10601 0.98819 30262
LH_263 0.30572 0.73161 2.68788 2.16857 1.41392 1.28503 30263
LH_264 0.26929 0.82500 2.73395 3.47255 1.23343 0.66485 30264
LH_265 0.24740 0.60685 2.30739 0.79882 1.28862 1.31709 30265
LH_266 0.25061 0.94841 2.42794 3.12396 0.61626 0.82429 30266
LH_267 0.18568 0.82598 2.93085 0.45171 1.78368 1.33155 30267
LH_268 0.41654 0.97271 1.21560 0.49235 0.62948 0.95807 30268
LH_269 0.35579 0.80667 3.19751 0.73051 1.78026 0.92072 30269
LH_270 0.19573 0.97029 3.30190 1.81561 0.54232 1.16190 30270
LH_271 0.37246 0.89921 0.72892 3.92524 1.24532 0.71652 30271
LH_272 0.37565 0.97591 0.40744 3.58765 0.67075 0.51967 30272
LH_273 0.15988 0.68971 1.43036 3.54582 0.65378 0.74629 30273
LH_274 0.47434 0.81084 2.99325 3.00021 1.68920 1.79912 30274
LH_275 0.21738 0.88086 1.32118 0.54128 1.02831 0.80951 30275
LH_276 0.17165 0.86695 2.41409 0.74808 0.71104 1.81837 30276
LH_277 0.12434 0.62778 0.86592 1.95549 1.86509 0.75530 30277
LH_278 0.18700 0.91802 3.45505 0.25094 1.36960 1.32788 30278
LH_279 0.22822 0.84675 3.92386 0.51530 1.79938 0.61524 30279
LH_280 0.49832 0.90328 0.53386 2.02453 0.62071 0.98639 30280
LH_281 0.23582 0.69647 0.34439 1.41239 0.97070 1.06046 30281
LH_282 0.20302 0.79000 0.27315 1.99373 1.73321 0.83775 30282
LH_283 0.27924 0.96127 2.96582 3.65681 1.44172 0.64479 30283
LH_284 0.42649 0.61924 0.25464 0.80041 1.01235 1.56139 30284
LH_285 0.35876 0.67146 0.32812 0.54853 0.69624 0.91113 30285
LH_286 0.17694 0.91183 2.43897 2.72747 0.90353 1.10007 30286
LH_287 0.36135 0.80945 2.53519 0.70572 1.02049 0.69070 30287
LH_288 0.26906 0.64261 0.32332 1.10193 0.62123 1.45685 30288
LH_289 0.35343 0.68532 1.18435 0.69304 0.72504 1.49989 30289
LH_290 0.19523 0.74942 0.32013 1.26543 1.29413 0.89529 30290
LH_291 0.42481 0.87624 2.77765 3.28093 1.30798 1.60201 30291
LH_292 0.18458 0.66826 3.09390 0.39616 1.41957 0.65237 30292
LH_293 0.15775 0.67182 2.12067 3.35362 1.78905 0.54441 30293
LH_294 0.21209 0.65403 1.84336 0.34047 0.74773 0.61133 30294
LH_295 0.14940 0.63827 0.25518 2.17818 0.74991 1.67036 30295
LH_296 0.22632 0.76929 0.56113 0.70132 1.07456 0.95954 30296
LH_297 0.17343 0.83125 0.72595 0.26818 0.53310 1.82088 30297
LH_298 0.30484 0.61172 1.53360 1.52292 1.24679 0.51452 30298
LH_299 0.17051 0.98908 0.34095 1.01746 1.35314 1.61980 30299
LH_300 0.48512 0.95138 0.32557 1.45207 1.29735 1.98897 30300
LH_301 0.31414 0.67488 2.94429 0.58691 1.11469 1.60750 30301
LH_302 0.46777 0.92493 1.48454 0.72131 1.42423 0.68961 30302
LH_303 0.37808 0.87829 1.04458 0.37489 0.74122 0.54712 30303
LH_304 0.28276 0.63344 1.21221 1.09389 1.15007 0.59877 30304
LH_305 0.25548 0.71766 3.19129 0.26193 0.96031 1.11822 30305
LH_306 0.17938 0.87582 0.34858 0.94385 1.95678 1.69786 30306
LH_307 0.40366 0.92096 0.30822 0.33380 1.34209 1.36726 30307
LH_308 0.27472 0.84801 1.19996 0.29193 1.21085 1.26444 30308
LH_309 0.34248 0.90985 0.44297 0.66364 1.14165 0.53242 30309
LH_310 0.19832 0.96643 3.57838 3.94350 0.67662 1.92947 30310
LH_311 0.20936 0.84141 1.03909 0.31696 0.92427 1.00181 30311
LH_312 0.43682 0.81731 1.65251 1.63886 1.48065 0.87449 30312
LH_313 0.41756 0.72930 0.27825 1.47406 1.16062 1.24441 30313
LH_314 0.23529 0.71015 0.56300 2.62520 0.63699 1.50858 30314
LH_315 0.36862 0.95869 0.87637 1.74759 0.73490 0.66141 30315
LH_316 0.28479 0.86960 1.89045 0.31429 1.19738 0.56728 30316
LH_317 0.27389 0.61691 2.19414 1.13101 1.38640 1.39114 30317
LH_318 0.27750 0.84613 0.29032 0.31734 1.79720 0.54115 30318
LH_319 0.41231 0.89626 3.56199 0.88004 1.89971 1.39559 30319
LH_320 0.37970 0.87441 1.08908 3.56739 0.70125 0.78087 30320
LH_321 0.49436 0.69921 0.39595 0.27113 0.68537 0.87811 30321
LH_322 0.29362 0.64764 0.39727 0.84532 0.66093 1.39043 30322
LH_323 0.11827 0.68278 0.25909 1.73428 0.54407 1.84424 30323
LH_324 0.38036 0.71705 0.47760 1.60661 1.42031 1.93445 30324
LH_325 0.39531 0.70282 1.92091 0.50036 1.31110 0.94596 30325
LH_326 0.14207 0.95227 1.12065 2.28056 1.46057 1.03465 30326
LH_327 0.49853 0.99451 1.91547 2.04090 1.60271 1.84882 30327
LH_328 0.32405 0.85631 2.49653 0.28076 0.85450 0.89772 30328
LH_329 0.12800 0.79879 3.15477 1.23070 0.90810 0.87658 30329
LH_330 0.23848 0.69731 0.62294 0.68909 0.68849 0.93807 30330
LH_331 0.33496 0.92611 0.48614 0.83153 0.88792 0.67049 30331
LH_332 0.11694 0.76819 1.14483 3.30450 1.22347 1.44438 30332
LH_333 0.41903 0.93140 1.59966 0.34255 0.66534 0.69302 30333
LH_334 0.28856 0.79373 1.31388 0.82326 1.56171 1.42069 30334
LH_335 0.49377 0.62861 0.34499 2.07689 1.92935 1.80897 30335
LH_336 0.34552 0.83416 1.58615 0.40990 0.72482 1.04032 30336
LH_337 0.18034 0.66741 0.34699 2.16258 0.93341 0.82697 30337
LH_338 0.30369 0.98257 2.14119 0.54767 0.90697 0.51862 30338
LH_339 0.18749 0.71888 1.64299 1.72445 1.62571 1.07402 30339
LH_340 0.14122 0.86270 1.39247 0.32654 0.56063 1.19149 30340
LH_341 0.42951 0.71443 1.45317 3.20436 1.24217 1.75175 30341
LH_342 0.17452 0.77425 3.43463 2.84821 0.50141 1.61246 30342
LH_343 0.22992 0.83972 0.33099 0.71844 0.78251 0.62888 30343
LH_344 0.21789 0.94020 1.00564 3.26246 1.36550 1.49391 30344
LH_345 0.17601 0.60365 0.35360 1.85739 1.53580 0.92494 30345
LH_346 0.20359 0.82308 1.15716 0.81000 0.60331 0.96689 30346
LH_347 0.24698 0.65028 1.41791 3.89893 0.75970 1.86653 30347
LH_348 0.24894 0.90320 0.46135 1.54656 0.89013 1.16391 30348
LH_349 0.29816 0.89167 2.95143 0.58070 0.69702 1.78880 30349
LH_350 0.44447 0.85806 1.05346 0.43888 0.78493 0.73563 30350
LH_351 0.33925 0.91144 2.66998 0.96406 1.22088 1.51807 30351
LH_352 0.42279 0.67422 1.47116 1.32657 0.57464 0.94744 30352
LH_353 0.15057 0.75672 0.50922 1.00698 0.74275 0.51781 30353
LH_354 0.38042 0.93111 1.33521 0.48644 0.76859 0.87254 30354
LH_355 0.16770 0.88486 3.01938 0.27350 1.90178 0.72789 30355
LH_356 0.38699 0.82818 0.73714 2.68854 0.69832 0.53741 30356
LH_357 0.27187 0.97176 3.64979 0.36708 0.71329 1.02910 30357
LH_358 0.10641 0.91526 0.39365 1.23424 1.43072 0.68039 30358
LH_359 0.29438 0.86010 1.72713 1.66755 0.62427 0.70087 30359
LH_360 0.34315 0.91737 1.51597 1.33355 0.75210 0.53313 30360
LH_361 0.27771 0.77811 0.36839 2.82241 1.75500 1.07239 30361
LH_362 0.21675 0.83905 1.16435 0.89247 1.23627 1.79023 30362
LH_363 0.31463 0.80995 1.05487 0.75464 0.52588 0.56927 30363
LH_364 0.24659 0.81496 0.40935 0.34663 0.56270 1.32089 30364
LH_365 0.29972 0.76276 3.89136 0.29819 0.71698 1.97144 30365
LH_366 0.30127 0.86748 0.90926 0.47947 0.93144 0.99818 30366
LH_367 0.49229 0.62628 1.51023 2.04899 1.57584 0.60516 30367
LH_368 0.22502 0.80345 0.54711 1.34694 1.94592 0.79125 30368
LH_369 0.25605 0.78751 1.81704 0.26262 1.81300 1.70829 30369
LH_370 0.19722 0.66494 1.87604 0.79163 1.85223 0.72036 30370
LH_371 0.34760 0.94677 0.31471 1.29156 0.82688 1.05157 30371
LH_372 0.28761 0.83942 0.64334 0.57828 0.86402 0.79905 30372
LH_373 0.44378 0.76070 0.58864 0.90238 1.88217 0.66586 30373
LH_374 0.40929 0.71245 3.21485 1.19153 0.55339 0.87105 30374
LH_375 0.49679 0.94379 0.80756 0.93343 0.95316 1.39687 30375
LH_376 0.19158 0.79790 0.45019 0.35862 1.96333 1.59853 30376
LH_377 0.47199 0.65539 2.98277 2.39208 1.07535 0.99468 30377
LH_378 0.27085 0.78818 0.31413 3.49207 0.57609 0.81338 30378
LH_379 0.20049 0.96740 0.68236 0.36001 0.58928 1.48961 30379
LH_380 0.32291 0.92645 0.28746 0.55590 0.56005 0.78466 30380
LH_381 0.40849 0.91474 3.79395 3.12802 1.41613 0.76773 30381
LH_382 0.37221 0.65200 0.85376 0.44553 0.87653 1.22507 30382
LH_383 0.14446 0.97146 0.77066 1.07267 1.51777 1.33845 30383
LH_384 0.10832 0.62480 2.50597 0.27884 0.76462 1.31520 30384
LH_385 0.36015 0.77382 0.42671 0.27985 0.85178 0.56350 30385
LH_386 0.44987 0.63753 2.92310 3.24555 0.79480 0.78225 30386
LH_387 0.36927 0.60573 0.97904 0.69776 0.87179 0.96178 30387
LH_388 0.39062 0.81660 1.36647 1.17796 1.44234 1.48624 30388
LH_389 0.18148 0.66322 0.89766 1.71502 0.69952 1.31093 30389
LH_390 0.28682 0.62018 0.51353 1.87306 1.08385 0.72492 30390
LH_391 0.43455 0.80868 2.00872 2.07322 0.80638 1.68035 30391
LH_392 0.47042 0.98305 2.35515 0.85955 0.53257 0.55311 30392
LH_393 0.38237 0.98812 2.51091 0.31328 0.58036 0.85684 30393
LH_394 0.28347 0.89818 1.46892 0.95817 1.04997 1.12755 30394
LH_395 0.25914 0.74991 1.33407 1.17520 1.93951 0.67644 30395
LH_396 0.38562 0.74488 0.25942 0.97112 0.89410 0.54360 30396
LH_397 0.27360 0.77136 0.26017 0.25463 1.17822 1.46845 30397
LH_398 0.39809 0.64895 0.50725 1.98883 0.75055 1.45039 30398
LH_399 0.46609 0.96864 3.94586 0.46238 1.49628 1.20651 30399
LH_400 0.25167 0.64528 3.75734 1.13735 1.18550 1.15071 30400
LH_401 0.41432 0.78089 0.89714 0.43111 1.03754 0.93030 30401
LH_402 0.18279 0.78196 0.69470 1.26630 0.60473 0.55788 30402
LH_403 0.45747 0.97925 0.53987 2.85729 0.68720 1.48403 30403
LH_404 0.21110 0.60899 0.59541 0.38049 0.78103 0.61301 30404
LH_405 0.31042 0.80109 2.88686 1.44079 1.01344 1.66341 30405
LH_406 0.14692 0.62442 0.66961 3.98141 0.52147 1.72515 30406
LH_407 0.34038 0.80220 1.04800 0.45969 1.09229 0.58894 30407
LH_408 0.17217 0.79423 1.19154 1.61371 1.39127 0.76098 30408
LH_409 0.31317 0.91062 0.27102 2.50171 1.16269 1.45431 30409
LH_410 0.14599 0.94433 2.76125 1.30773 0.72211 0.85385 30410
LH_411 0.17017 0.76500 0.40223 0.56408 0.78824 1.87513 30411
LH_412 0.15272 0.89041 0.98930 0.75077 0.89866 1.96256 30412
LH_413 0.11428 0.90723 3.31622 0.29503 0.64263 1.50384 30413
LH_414 0.39133 0.87934 1.22412 3.78227 1.06801 0.71547 30414
LH_415 0.14019 0.79591 1.40861 3.57115 1.54613 1.70120 30415
LH_416 0.40328 0.60768 1.32489 0.50740 0.65471 0.56972 30416
LH_417 0.48325 0.66263 0.70287 2.83870 0.81856 1.65972 30417
LH_418 0.29780 0.88431 0.48054 0.82075 0.51598 0.67352 30418
LH_419 0.37399 0.70394 3.07189 3.34654 1.18340 1.58901 30419
LH_420 0.19862 0.75223 1.95316 0.67523 1.71436 0.52269 30420
LH_421 0.23460 0.82059 1.15265 0.43728 0.79814 1.65710 30421
LH_422 0.44538 0.60159 1.99974 3.40783 0.88901 1.17167 30422
LH_423 0.10257 0.93473 1.73828 0.41819 1.15336 0.84092 30423
LH_424 0.23999 0.89157 2.82358 0.42501 1.01654 1.90673 30424
LH_425 0.37631 0.70010 1.85619 0.52072 1.55702 0.56476 30425
LH_426 0.14750 0.82442 0.58108 0.72707 0.69478 1.57807 30426
LH_427 0.28318 0.74258 1.56761 0.44973 1.23637 1.71208 30427
LH_428 0.16055 0.81070 0.55317 1.48591 0.60577 1.93591 30428
LH_429 0.17584 0.67546 0.93247 0.59332 0.56231 0.61111 30429
LH_430 0.13038 0.86485 3.26795 2.80890 0.98072 0.80562 30430
LH_431 0.19365 0.98178 1.35712 2.35504 1.34919 1.00117 30431
LH_432 0.45471 0.66290 1.23028 2.98247 1.23987 1.28650 30432
LH_433 0.43024 0.63577 0.43094 0.98785 0.94833 0.90449 30433
LH_434 0.45841 0.96484 0.65969 3.60456 1.67375 1.31031 30434
LH_435 0.44134 0.95814 0.89131 0.90554 0.57349 0.69440 30435
LH_436 0.11114 0.73591 0.25706 1.90935 1.19528 0.73452 30436
LH_437 0.42187 0.70654 0.28269 0.70829 0.71618 1.89246 30437
LH_438 0.45709 0.83693 0.47587 3.87207 0.79080 1.15923 30438
LH_439 0.38990 0.89856 1.24156 0.85006 0.85342 1.10364 30439
LH_440 0.10636 0.73485 0.65108 0.28967 0.94147 0.55540 30440
LH_441 0.31692 0.72084 2.72711 2.90915 1.49935 0.81764 30441
LH_442 0.43206 0.68211 0.28020 1.27446 1.60107 0.85991 30442
LH_443 0.19768 0.69442 0.76599 0.61802 1.44849 0.70971 30443
LH_444 0.46592 0.69782 0.44000 1.32146 0.64620 0.63698 30444
LH_445 0.49969 0.95587 0.81738 1.21016 1.61924 0.91270 30445
LH_446 0.18331 0.89980 0.67296 0.98268 1.15630 1.55997 30446
LH_447 0.38121 0.96639 3.06151 1.77012 0.83069 1.05884 30447
LH_448 0.13867 0.95480 0.50479 0.35098 1.55130 1.02962 30448
LH_449 0.19447 0.91005 1.80213 0.66590 1.06298 1.88912 30449
LH_450 0.14811 0.89377 2.87006 0.53804 1.36794 1.18926 30450
LH_451 0.47668 0.61820 0.27092 1.80170 1.36280 1.38064 30451
LH_452 0.44281 0.96026 1.72126 0.33293 1.58802 0.78440 30452
LH_453 0.47781 0.83817 0.68078 3.56022 1.49101 1.54969 30453
LH_454 0.36771 0.93671 1.52687 0.62672 1.44481 0.79049 30454
LH_455 0.48851 0.65872 2.27730 0.33586 0.58467 1.52479 30455
LH_456 0.33628 0.94764 1.27522 1.93633 1.10984 0.90990 30456
LH_457 0.14048 0.98967 1.55006 0.46775 1.60703 1.01235 30457
LH_458 0.20462 0.70575 2.26006 0.30272 0.95522 1.55075 30458
LH_459 0.37862 0.80767 1.75890 1.54189 0.60186 0.63867 30459
LH_460 0.43318 0.94699 1.82241 1.96767 1.05443 1.10170 30460
LH_461 0.27576 0.79217 3.68915 0.61239 1.30425 1.57454 30461
LH_462 0.39566 0.78345 0.25677 0.35721 1.11622 0.52536 30462
LH_463 0.41492 0.88696 0.32395 0.34397 0.91729 0.60801 30463
LH_464 0.41823 0.66113 1.71290 2.29420 0.76140 0.68159 30464
LH_465 0.39457 0.77631 0.53622 0.85277 0.91955 0.61870 30465
LH_466 0.27240 0.88741 0.55803 1.55063 0.83360 1.29934 30466
LH_467 0.43436 0.70844 0.41065 0.35243 0.69131 0.75923 30467
LH_468 0.16889 0.93610 1.49457 0.86971 1.01832 1.33564 30468
LH_469 0.25950 0.84992 1.28701 0.49963 1.43909 1.94716 30469
LH_470 0.22671 0.63966 0.49782 3.96823 0.63777 0.63628 30470
LH_471 0.26219 0.75938 0.70363 3.05015 0.51399 1.07691 30471
LH_472 0.24222 0.66205 3.00877 3.84160 1.93704 1.72866 30472
LH_473 0.21626 0.74098 0.76787 1.03769 0.59238 1.25571 30473
LH_474 0.19677 0.64631 0.49180 0.37693 1.85383 1.12607 30474
LH_475 0.33304 0.65725 1.01411 3.00768 0.87348 1.15313 30475
LH_476 0.23947 0.97721 0.35658 2.24553 1.05399 1.14520 30476
LH_477 0.49092 0.97878 1.15146 1.19842 1.71162 1.71844 30477
LH_478 0.47551 0.94564 2.90416 1.55766 1.17593 1.25383 30478
LH_479 0.33717 0.64924 2.18598 1.57081 1.72346 1.34144 30479
LH_480 0.31632 0.94945 1.09985 3.45936 1.51211 1.23136 30480
LH_481 0.31223 0.92838 0.29519 1.53928 1.17094 1.41457 30481
LH_482 0.41523 0.85255 1.25057 0.82808 1.08531 0.79506 30482
LH_483 0.13077 0.62418 0.44254 0.26283 1.10854 1.62155 30483
LH_484 0.11628 0.76984 2.15773 0.66809 0.88352 1.80215 30484
LH_485 0.48955 0.97464 3.86503 1.11122 1.48781 1.99466 30485
LH_486 0.29600 0.79129 2.70307 0.29570 0.74742 1.64435 30486
LH_487 0.26621 0.75892 1.34280 0.45284 0.72962 0.75640 30487
LH_488 0.37307 0.96303 0.84910 0.34388 1.00181 1.94417 30488
LH_489 0.33323 0.63260 3.99604 2.66347 0.65205 0.98425 30489
LH_490 0.41162 0.67290 0.78188 2.76719 1.91281 0.69844 30490
LH_491 0.24303 0.70484 0.49477 0.35553 1.00443 0.88665 30491
LH_492 0.36236 0.96233 0.30472 0.32118 0.80111 0.53181 30492
LH_493 0.24521 0.68005 1.23263 1.60053 0.65042 1.23085 30493
LH_494 0.11357 0.77441 0.44735 0.35335 0.64364 1.16622 30494
LH_495 0.21865 0.74425 1.58294 0.83294 0.60042 1.25173 30495
LH_496 0.42005 0.96345 0.41728 2.95551 0.85727 1.03225 30496
LH_497 0.24873 0.69716 2.12672 2.40911 1.95952 0.63426 30497
LH_498 0.24176 0.71231 0.27877 0.48550 1.23877 1.10761 30498
LH_499 0.24993 0.77663 0.32157 1.88425 1.50809 1.27513 30499
LH_500 0.12295 0.72476 0.64551 3.36046 1.52684 0.93587 30500
LH_501 0.23488 0.74547 0.29408 3.27106 0.51676 1.55641 30501
LH_502 0.30081 0.60464 3.17064 0.28263 0.96709 1.64157 30502
LH_503 0.45486 0.65091 0.27242 2.10759 1.63161 1.14696 30503
LH_504 0.22069 0.61886 2.17322 1.01463 1.42693 1.38588 30504
LH_505 0.45338 0.77104 0.38417 2.58893 0.72381 0.51545 30505
LH_506 0.49795 0.92338 0.25260 2.44609 0.68173 1.07507 30506
LH_507 0.18674 0.99906 0.95760 1.73883 1.18233 0.78972 30507
LH_508 0.47622 0.86436 1.13269 0.44695 1.53778 1.04526 30508
LH_509 0.26548 0.60669 3.78297 0.26700 1.16643 0.77127 30509
LH_510 0.46940 0.78022 0.70086 0.91677 0.69013 0.82199 30510
LH_511 0.36916 0.97631 1.00243 3.48663 0.96326 0.60074 30511
LH_512 0.23899 0.80030 0.79261 1.07973 0.73879 1.77239 30512
LH_513 0.24273 0.94068 3.63191 1.23538 1.25540 0.54826 30513
LH_514 0.16096 0.81919 1.80851 0.31062 1.48485 1.26218 30514
LH_515 0.33176 0.89202 0.52383 0.52541 1.87983 0.51722 30515
LH_516 0.23065 0.61150 3.71211 0.94879 1.13258 1.74024 30516
LH_517 0.38100 0.70075 2.09307 0.41592 0.76682 0.93275 30517
LH_518 0.13598 0.98850 0.91320 0.65591 0.95067 1.86547 30518
LH_519 0.37343 0.65496 0.37960 1.04571 1.47616 0.63539 30519
LH_520 0.38399 0.92043 0.50063 0.75904 1.74196 0.62238 30520
LH_521 0.48096 0.86829 2.64130 0.25960 1.59492 0.86827 30521
LH_522 0.30806 0.77883 2.69293 2.26813 0.66222 0.97408 30522
LH_523 0.31323 0.66407 0.44462 1.27734 0.72036 0.52722 30523
LH_524 0.32884 0.63311 0.56995 1.30481 1.63580 1.70332 30524
LH_525 0.26979 0.64442 0.45943 0.74185 1.34078 0.63249 30525
LH_526 0.33913 0.62279 0.80177 1.10038 0.69301 1.17438 30526
LH_527 0.26662 0.86534 0.49658 2.01083 1.79433 1.69006 30527
LH_528 0.40983 0.62744 1.54920 2.48137 1.88712 0.77408 30528
LH_529 0.39676 0.88547 1.97554 0.44429 0.95605 1.92388 30529
LH_530 0.42564 0.90500 0.36055 1.91756 1.08812 1.94096 30530
LH_531 0.13435 0.93779 1.86171 1.17423 1.93262 1.42651 30531
LH_532 0.36599 0.65328 3.30605 0.35541 1.13405 1.30320 30532
LH_533 0.47924 0.90664 0.30298 0.25155 1.09739 1.04621 30533
LH_534 0.28904 0.67378 3.51276 1.58915 1.56643 0.73620 30534
LH_535 0.14422 0.81543 2.60262 0.61081 0.52346 0.92316 30535
LH_536 0.37476 0.67263 0.32784 0.60872 1.19118 1.31889 30536
LH_537 0.38431 0.76125 0.43640 0.25722 1.83375 0.59221 30537
LH_538 0.38303 0.76742 1.64936 0.67313 1.71960 0.66229 30538
LH_539 0.42756 0.81927 0.31376 1.58228 0.58826 1.27292 30539
LH_540 0.24443 0.99004 0.79642 0.32465 1.55521 1.88068 30540
LH_541 0.16587 0.73154 3.92223 0.60524 1.71689 0.53597 30541
LH_542 0.16979 0.96718 2.49936 0.27249 1.06909 1.86045 30542
LH_543 0.13154 0.66879 3.69577 2.86484 0.85570 1.64952 30543
LH_544 0.42847 0.93755 3.94339 2.91987 1.03591 1.92348 30544
LH_545 0.38663 0.90947 0.28495 1.20592 1.12071 0.87727 30545
LH_546 0.44246 0.94223 0.46491 0.40892 0.70329 1.60355 30546
LH_547 0.44883 0.71344 1.67174 1.79490 1.57402 1.50550 30547
LH_548 0.46738 0.95627 0.73467 0.77535 0.57175 0.62386 30548
LH_549 0.43180 0.90020 0.39481 0.58298 1.63989 1.30069 30549
LH_550 0.46419 0.99924 2.76847 2.52791 1.16897 0.85089 30550
LH_551 0.35936 0.86293 0.44906 0.60053 0.82043 1.39996 30551
LH_552 0.21811 0.63479 1.69041 0.37398 0.88739 1.02100 30552
LH_553 0.45819 0.95713 0.28706 3.69391 1.39445 0.81616 30553
LH_554 0.36426 0.86347 1.67650 1.38219 0.93440 0.60545 30554
LH_555 0.35036 0.83778 1.43588 3.06416 0.83039 1.99895 30555
LH_556 0.38638 0.99564 3.70482 1.18640 0.96538 1.28062 30556
LH_557 0.12670 0.74160 2.70878 0.25046 1.40380 0.83653 30557
LH_558 0.32053 0.83328 0.77739 2.76206 1.75675 0.55722 30558
LH_559 0.16293 0.96822 2.21908 0.88930 0.67817 0.70561 30559
LH_560 0.45525 0.70774 2.08532 0.48261 0.87740 0.52386 30560
LH_561 0.33993 0.74476 3.34807 1.04371 0.80423 1.96665 30561
LH_562 0.40227 0.62364 3.84441 0.34831 1.25860 1.56920 30562
LH_563 0.34640 0.99858 1.01137 0.99966 0.73138 1.18257 30563
LH_564 0.35259 0.81460 0.57121 3.73946 0.84363 1.13349 30564
LH_565 0.43360 0.94626 3.50415 0.52154 1.92836 1.20820 30565
LH_566 0.41691 0.75962 3.40453 1.40845 0.79188 1.56539 30566
LH_567 0.30606 0.89455 0.37415 3.18129 0.75314 1.43819 30567
LH_568 0.31875 0.88029 0.60451 0.36834 0.88627 1.40427 30568
LH_569 0.44014 0.91890 0.83525 0.50876 0.81252 1.24806 30569
LH_570 0.15843 0.75704 1.69471 0.85475 0.90394 0.59827 30570
LH_571 0.22113 0.71193 1.90347 0.56194 1.50344 1.06942 30571
LH_572 0.45030 0.79743 0.67940 0.31235 1.89264 0.86954 30572
LH_573 0.46840 0.76527 0.53049 2.22154 0.86890 1.52720 30573
LH_574 0.32695 0.63034 1.18835 1.09721 0.51066 0.94412 30574
LH_575 0.28551 0.70142 0.45207 0.99377 0.51179 1.46035 30575
LH_576 0.21068 0.82374 0.46328 0.46452 1.81579 0.61420 30576
LH_577 0.47334 0.91518 3.38557 0.78727 1.02955 0.50199 30577
LH_578 0.30652 0.95422 0.98213 3.86018 1.74065 0.64547 30578
LH_579 0.10917 0.65789 0.31167 0.41110 0.88221 1.11656 30579
LH_580 0.24068 0.86465 0.93733 0.63202 1.27682 0.83426 30580
LH_581 0.47304 0.85438 0.96694 3.91859 1.16315 0.88241 30581
LH_582 0.42390 0.87372 0.57933 0.72602 0.72692 0.75029 30582
LH_583 0.14865 0.61624 0.81565 1.33051 0.91194 1.36417 30583
LH_584 0.28235 0.93321 1.91084 0.36268 0.58607 0.90165 30584
LH_585 0.36816 0.95103 1.38647 0.64388 1.74788 1.12188 30585
LH_586 0.34917 0.62166 1.35163 2.77756 0.51503 1.32350 30586
LH_587 0.40476 0.79059 0.26630 0.88432 1.38453 0.50546 30587
LH_588 0.26086 0.68648 1.30036 1.41945 0.83917 1.05001 30588
LH_589 0.45979 0.86678 0.70833 1.14429 1.98785 0.50347 30589
LH_590 0.21999 0.91403 1.57212 0.72475 1.06677 0.70742 30590
LH_591 0.26842 0.78788 2.54418 0.61662 0.84192 1.98140 30591
LH_592 0.13636 0.87301 0.36879 1.48695 0.83805 1.08844 30592
LH_593 0.34323 0.70697 2.31298 0.46082 0.50347 0.97881 30593
LH_594 0.39773 0.70742 1.60682 0.66044 1.75977 0.70341 30594
LH_595 0.29573 0.68744 0.73101 1.37550 0.78352 0.90283 30595
LH_596 0.39301 0.86778 0.37641 0.27188 0.87951 1.77539 30596
LH_597 0.39520 0.95981 0.52747 2.75238 1.09067 1.72344 30597
LH_598 0.46062 0.85377 0.70662 1.56664 0.94456 0.66029 30598
LH_599 0.34428 0.68103 0.91565 1.37114 0.55526 1.65599 30599
LH_600 0.15027 0.87710 1.89415 1.05562 0.67391 0.74449 30600
LH_601 0.44669 0.67906 0.94712 1.19561 0.56530 1.40566 30601
LH_602 0.14323 0.65618 1.62534 1.17024 0.95848 1.04863 30602
LH_603 0.46352 0.72872 0.75512 0.26563 1.46865 1.38792 30603
LH_604 0.43765 0.60269 3.82202 0.42915 1.42230 0.63053 30604
LH_605 0.17751 0.63508 1.38781 1.68742 1.39613 1.69439 30605
LH_606 0.20743 0.98617 1.88375 2.37821 1.34367 1.43331 30606
LH_607 0.23008 0.92411 3.52850 1.48034 0.50770 1.52334 30607
LH_608 0.36269 0.98084 1.10792 2.02987 0.86805 1.45881 30608
LH_609 0.18432 0.99297 0.46938 0.80143 1.77099 1.75347 30609
LH_610 0.42100 0.96548 1.83401 3.64544 0.53016 0.62498 30610
LH_611 0.35130 0.97371 0.54857 2.15728 1.06476 1.68625 30611
LH_612 0.34097 0.82779 0.29887 0.38219 0.51196 0.77349 30612
LH_613 0.24563 0.70621 3.09981 0.76083 0.65703 0.94891 30613
LH_614 0.49516 0.73452 0.33546 0.77337 0.80703 1.22194 30614
LH_615 0.32326 0.75785 0.28092 1.27218 1.24392 1.78194 30615
LH_616 0.29484 0.64139 0.69188 3.44355 1.65573 0.63936 30616
LH_617 0.16475 0.67854 0.55906 0.57098 1.07859 1.55187 30617
LH_618 0.15228 0.64041 2.08297 3.32588 1.67575 1.10869 30618
LH_619 0.44050 0.93555 3.25950 0.29695 0.86041 1.41139 30619
LH_620 0.16701 0.68329 0.82375 1.74532 0.58974 0.77908 30620
LH_621 0.31646 0.94469 0.44089 1.96482 0.83599 1.88531 30621
LH_622 0.27074 0.97405 3.12194 0.91790 0.73348 0.71365 30622
LH_623 0.30037 0.92232 0.47387 1.24594 1.37613 0.59445 30623
LH_624 0.19089 0.84913 3.62658 0.41498 1.99383 1.17068 30624
LH_625 0.39712 0.69610 0.77611 1.77975 1.15962 1.13257 30625
LH_626 0.32478 0.99487 2.71574 1.90099 0.54471 0.63174 30626
LH_627 0.19433 0.75333 0.61975 0.27482 0.53101 0.70451 30627
LH_628 0.47383 0.92582 2.81654 0.96189 1.91467 0.74914 30628
LH_629 0.11251 0.60178 0.32189 0.88031 0.90064 0.54034 30629
LH_630 0.20215 0.66043 1.79771 0.56585 1.41168 0.59971 30630
LH_631 0.13967 0.63099 0.33263 0.73671 0.82178 0.66893 30631
LH_632 0.39752 0.60744 3.00260 0.26468 0.97574 1.59477 30632
LH_633 0.37037 0.85770 1.26532 0.28611 0.99690 0.79292 30633
LH_634 0.43546 0.79262 3.14908 0.50302 1.25320 1.97415 30634
LH_635 0.47577 0.61962 0.38201 0.54400 1.00319 1.35769 30635
LH_636 0.46233 0.63549 0.27643 3.11003 0.52499 0.99407 30636
LH_637 0.38892 0.70228 0.42831 2.74152 1.54262 0.58420 30637
LH_638 0.15897 0.93178 1.03092 1.89197 0.67544 1.02307 30638
LH_639 0.40198 0.93972 1.31923 0.34743 1.30936 0.55583 30639
LH_640 0.44691 0.85877 2.45169 0.73145 0.51049 1.46754 30640
LH_641 0.47687 0.90372 2.29786 0.60010 0.82361 1.44195 30641
LH_642 0.21574 0.80130 0.64423 0.36558 1.57157 0.82041 30642
LH_643 0.28747 0.69861 0.37867 0.33908 0.64082 1.13496 30643
LH_644 0.32792 0.98457 3.80534 0.36899 0.73213 1.47671 30644
LH_645 0.20271 0.93016 0.40382 2.74734 0.77339 0.65832 30645
LH_646 0.45068 0.87096 2.03306 0.57607 0.61175 1.10599 30646
LH_647 0.38820 0.94327 0.74023 0.98351 0.92853 1.62634 30647
LH_648 0.48187 0.76303 1.56534 0.42977 0.74448 1.85764 30648
LH_649 0.26496 0.85679 0.55518 0.86285 0.52706 0.58380 30649
LH_650 0.16381 0.73766 1.17464 0.83575 1.82016 1.37480 30650
LH_651 0.40101 0.70260 1.23873 2.28855 0.54701 1.25829 30651
LH_652 0.27505 0.65945 0.79718 1.28050 1.70302 1.27908 30652
LH_653 0.25256 0.79535 0.46195 1.02458 0.86512 0.98317 30653
LH_654 0.41453 0.63878 0.26386 3.10736 1.47239 1.22265 30654
LH_655 0.40673 0.92710 0.75262 0.42080 0.78693 0.80211 30655
LH_656 0.25361 0.89531 2.23655 0.40241 0.64763 1.90013 30656
LH_657 0.28830 0.91620 0.73666 0.79237 0.65649 0.58099 30657
LH_658 0.25458 0.82201 0.81295 3.03222 1.81936 1.21258 30658
LH_659 0.48472 0.99602 1.37729 2.30107 1.05723 1.52942 30659
LH_660 0.22277 0.75097 0.87219 0.69536 0.59082 1.62439 30660
LH_661 0.12052 0.72397 2.20673 2.23935 1.77472 1.37340 30661
LH_662 0.33022 0.68051 0.54103 3.63349 0.91536 1.13951 30662
LH_663 0.29036 0.86116 1.01114 0.31528 0.80293 0.95287 30663
LH_664 0.45584 0.94529 0.46909 2.06041 1.73391 0.83881 30664
LH_665 0.15341 0.72304 1.12477 0.68482 0.70107 1.47629 30665
LH_666 0.24389 0.79684 0.94434 2.18103 0.55918 1.21159 30666
LH_667 0.36547 0.73041 0.72251 0.81390 1.21653 0.64936 30667
LH_668 0.46186 0.60109 1.32919 1.44518 0.81937 0.80369 30668
LH_669 0.34061 0.67663 3.24309 1.93445 1.43399 0.65048 30669
LH_670 0.48035 0.91934 1.48007 2.89220 0.96243 1.83849 30670
LH_671 0.30968 0.72892 0.27014 1.14216 1.62293 0.54632 30671
LH_672 0.37694 0.85520 0.38780 0.51352 0.92385 1.91329 30672
LH_673 0.43257 0.94916 0.25143 2.40166 1.05897 1.85071 30673
LH_674 0.49063 0.62089 1.60340 0.49745 1.32655 0.91211 30674
LH_675 0.16555 0.97510 1.44574 1.21195 1.69332 1.62906 30675
LH_676 0.10063 0.91295 3.44485 0.58123 0.50231 0.78601 30676
LH_677 0.48201 0.70431 0.27719 0.95256 1.58543 0.86647 30677
LH_678 0.10727 0.82883 0.66638 0.81897 1.27137 0.57062 30678
LH_679 0.39005 0.66945 0.78394 2.41948 0.62665 1.56853 30679
LH_680 0.13670 0.71521 0.75862 1.24966 1.33277 0.74750 30680
LH_681 0.35382 0.71054 1.09020 0.96707 0.76603 1.68781 30681
LH_682 0.32241 0.61087 0.46737 0.31605 0.98930 1.76448 30682
LH_683 0.26273 0.70531 0.71924 0.56846 1.28417 0.96988 30683
LH_684 0.27977 0.72561 0.26705 1.33565 0.60844 1.40773 30684
LH_685 0.48671 0.87189 3.23964 0.30727 0.90129 1.01307 30685
LH_686 0.42825 0.60202 2.55309 3.83317 1.30204 0.70158 30686
LH_687 0.45646 0.90915 0.47220 1.60403 1.29428 1.76220 30687
LH_688 0.16501 0.88448 3.82943 0.29262 0.77828 0.50428 30688
LH_689 0.31152 0.88316 3.88656 0.57203 0.86230 0.74025 30689
LH_690 0.13470 0.67096 1.13488 0.26936 0.70864 1.57785 30690
LH_691 0.29269 0.88206 0.51160 0.35418 0.56617 0.67227 30691
LH_692 0.34812 0.73362 0.45653 3.47928 0.50409 0.50566 30692
LH_693 0.45285 0.72430 3.54019 2.14986 1.76940 1.08803 30693
LH_694 0.22897 0.87757 0.33293 0.78341 1.22876 0.72164 30694
LH_695 0.16243 0.60045 0.28001 1.35264 1.09454 1.34308 30695
LH_696 0.19185 0.70840 1.87760 2.59692 1.14812 1.68266 30696
LH_697 0.26419 0.89027 2.58592 0.25802 0.54535 1.32647 30697
LH_698 0.14769 0.71760 3.03775 0.40308 1.03474 0.72274 30698
LH_699 0.11061 0.93705 1.96926 1.38932 0.54113 1.76803 30699
LH_700 0.43123 0.72550 0.41376 1.22519 1.26725 0.82924 30700
LH_701 0.15812 0.80627 1.16135 0.47989 0.91286 0.61741 30701
LH_702 0.37662 0.74027 3.04474 0.57538 0.84726 1.55538 30702
LH_703 0.32998 0.76634 2.65234 0.25407 1.85614 0.68343 30703
LH_704 0.18319 0.63919 0.31689 0.68289 0.53875 0.63311 30704
LH_705 0.28079 0.98035 1.63763 0.86400 0.83991 1.44919 30705
LH_706 0.34204 0.71958 2.03872 1.34531 1.64079 0.76589 30706
LH_707 0.33762 0.70344 0.31887 2.30654 0.59738 1.20248 30707
LH_708 0.41788 0.82141 3.35327 0.47121 0.92633 1.29318 30708
LH_709 0.26188 0.74742 1.03135 2.23242 1.15119 0.53138 30709
LH_710 0.19945 0.74677 1.66077 0.57315 0.68292 1.41769 30710
LH_711 0.23100 0.73101 2.05214 0.37805 1.41658 0.59760 30711
LH_712 0.11910 0.81145 1.47558 1.01164 1.76441 0.67960 30712
LH_713 0.20189 0.85593 1.84706 2.18897 1.26769 0.56031 30713
LH_714 0.46456 0.83279 2.38428 2.69410 0.99929 1.04304 30714
LH_715 0.32226 0.90056 1.30878 0.59696 0.58105 0.72358 30715
LH_716 0.23695 0.62655 1.59179 1.66402 0.60428 1.34367 30716
LH_717 0.41276 0.75422 0.82122 3.79991 0.95707 0.80764 30717
LH_718 0.41567 0.96177 1.45742 0.25528 1.10361 1.87806 30718
LH_719 0.34651 0.68828 0.93562 0.47292 1.27412 0.66680 30719
LH_720 0.44941 0.81188 0.30662 1.79715 1.86666 0.55054 30720
LH_721 0.20868 0.73227 0.26139 0.51803 0.86176 0.81824 30721
LH_722 0.32537 0.75450 3.42029 0.64753 0.50494 1.36921 30722
LH_723 0.45262 0.86397 0.46577 1.14626 1.98318 0.66330 30723
LH_724 0.42133 0.66572 0.35755 0.44818 1.50566 0.77524 30724
LH_725 0.24497 0.93252 0.31959 1.10969 0.72135 0.65486 30725
LH_726 0.29115 0.92939 1.11680 0.35031 0.81475 0.55986 30726
LH_727 0.47488 0.94188 0.34941 0.93906 0.52958 1.06307 30727
LH_728 0.35435 0.80710 0.33824 0.41689 0.80840 0.77699 30728
LH_729 0.31972 0.61468 0.85934 0.43290 0.94893 0.81300 30729
LH_730 0.48131 0.95041 1.22614 3.52167 1.21835 1.32286 30730
LH_731 0.10426 0.83044 3.27716 1.53270 1.64370 1.96818 30731
LH_732 0.21298 0.95947 0.73302 1.92139 0.60745 0.86801 30732
LH_733 0.26141 0.84562 3.67870 1.50041 1.06231 0.98597 30733
LH_734 0.16624 0.74814 0.34178 0.65099 1.67192 0.91729 30734
LH_735 0.31725 0.65075 1.93895 0.45804 0.62262 0.85781 30735
LH_736 0.12129 0.72221 0.76139 0.93134 0.81188 1.57333 30736
LH_737 0.15101 0.79449 1.50183 1.92829 0.79376 0.77254 30737
LH_738 0.49281 0.91272 0.30034 1.75859 1.57975 1.24566 30738
LH_739 0.13290 0.64228 0.38617 0.34895 1.94465 0.69654 30739
LH_740 0.46493 0.82955 0.56739 0.33126 1.66509 0.83033 30740
LH_741 0.23616 0.86202 0.69045 2.05622 1.13709 0.55134 30741
LH_742 0.41346 0.75066 1.40374 0.25310 0.59361 1.19446 30742
LH_743 0.18117 0.60989 1.25315 2.06420 1.62824 0.92611 30743
LH_744 0.12277 0.78225 0.54435 2.83202 1.53268 1.18560 30744
LH_745 0.22943 0.91093 3.61817 0.67122 0.80445 1.12028 30745
LH_746 0.21185 0.71510 2.48381 1.37565 0.58765 0.58617 30746
LH_747 0.12351 0.88175 1.94330 0.40671 1.80041 0.59307 30747
LH_748 0.38546 0.92361 0.84222 0.69100 0.81439 1.24135 30748
LH_749 0.21549 0.98514 0.68428 3.95606 1.84139 0.81482 30749
LH_750 0.23259 0.87036 2.07900 0.47672 0.64487 0.51360 30750
LH_751 0.38354 0.95372 3.85004 1.30960 0.97334 0.66426 30751
LH_752 0.22840 0.93434 1.61310 1.78339 0.66019 0.53940 30752
LH_753 0.21897 0.67079 1.50628 0.92807 1.57052 1.00516 30753
LH_754 0.31530 0.67353 0.58380 0.40107 0.59959 0.56202 30754
LH_755 0.12956 0.92289 0.39676 0.54288 0.58162 1.73011 30755
LH_756 0.22545 0.99974 0.61814 0.32620 1.70237 1.08592 30756
LH_757 0.49544 0.96907 3.66314 1.45710 1.60560 1.58459 30757
LH_758 0.36372 0.67618 2.61477 1.50648 0.97440 0.55009 30758
LH_759 0.29156 0.99109 0.52070 0.82952 0.93897 0.62153 30759
LH_760 0.34150 0.88761 1.07591 2.33805 1.87000 0.59483 30760
LH_761 0.25980 0.83111 0.97167 0.46332 1.19999 1.47208 30761
LH_762 0.20774 0.75523 0.29705 0.39888 0.65950 0.83137 30762
LH_763 0.16197 0.96382 0.84094 0.37104 1.38234 1.92750 30763
LH_764 0.37189 0.74878 2.06305 0.46613 1.63123 0.52834 30764
LH_765 0.31591 0.65986 2.04589 1.35912 1.52300 1.38396 30765
LH_766 0.40520 0.76894 3.42911 3.38447 0.59833 0.89139 30766
LH_767 0.31362 0.96044 0.89336 0.97798 1.04671 0.57119 30767
LH_768 0.47731 0.93594 1.46341 0.50224 1.97346 1.19329 30768
LH_769 0.23752 0.99240 0.57596 1.67479 1.89607 0.97176 30769
LH_770 0.17087 0.74896 0.38948 0.43597 1.20120 1.53566 30770
LH_771 0.15417 0.65465 0.40085 1.84489 0.65081 0.52268 30771
LH_772 0.25519 0.71366 1.20086 0.62447 1.49857 0.51013 30772
LH_773 0.39425 0.92859 1.13977 3.06965 1.96612 1.63342 30773
LH_774 0.30778 0.85492 0.90347 0.39327 1.61193 1.74466 30774
LH_775 0.45951 0.68508 1.54350 1.89503 1.54883 1.61710 30775
LH_776 0.42781 0.68167 0.38033 0.32864 1.52160 1.91902 30776
LH_777 0.46269 0.67722 2.07237 2.51743 0.66260 0.98927 30777
LH_778 0.18830 0.83487 2.11423 0.66162 1.46452 0.55197 30778
LH_779 0.26310 0.64676 0.48794 0.28830 0.64911 0.88772 30779
LH_780 0.42463 0.65285 0.35531 0.58550 0.92926 1.31392 30780
LH_781 0.45115 0.73344 0.37330 3.91197 0.58303 1.17592 30781
LH_782 0.40138 0.69974 0.33659 0.38406 0.99459 0.97564 30782
LH_783 0.10510 0.88051 1.36834 3.85648 0.62778 0.69505 30783
LH_784 0.43596 0.69378 2.63101 1.24269 1.35252 1.05648 30784
LH_785 0.29306 0.76572 1.17196 0.52270 0.82771 0.68493 30785
LH_786 0.23234 0.78594 1.02764 0.76340 1.63666 1.79682 30786
LH_787 0.46303 0.66160 0.52212 1.39469 1.03907 1.01828 30787
LH_788 0.12101 0.68287 1.42920 1.16768 1.27481 1.99424 30788
LH_789 0.25851 0.84495 0.33368 3.71633 0.53641 0.88621 30789
LH_790 0.25678 0.85921 0.45601 1.15596 1.22521 0.66745 30790
LH_791 0.40269 0.94834 0.47892 0.28389 0.81564 0.64237 30791
LH_792 0.47961 0.97545 0.36426 0.64635 0.56424 0.89633 30792
LH_793 0.11386 0.73266 0.54282 0.63722 1.07176 0.71106 30793
LH_794 0.47443 0.77940 0.85844 1.42861 0.61896 1.81216 30794
LH_795 0.10698 0.90868 0.25842 0.80433 1.65325 1.21841 30795
LH_796 0.36163 0.60353 0.29083 0.53420 0.70294 0.84880 30796
LH_797 0.11207 0.78993 0.36223 1.55874 1.37179 1.26892 30797
LH_798 0.11163 0.62076 0.64960 0.36176 1.23173 1.09800 30798
LH_799 0.34704 0.87065 1.86985 0.33050 1.24940 0.62504 30799
LH_800 0.34954 0.92006 2.66060 1.52435 0.69876 0.51571 30800
LH_801 0.29532 0.89755 1.46023 0.48943 0.52911 0.91824 30801
LH_802 0.48403 0.80887 0.52443 0.92482 1.77786 1.26655 30802
LH_803 0.15926 0.67719 1.11258 2.25514 0.55729 0.61649 30803
LH_804 0.35204 0.83869 1.26983 1.69261 1.80475 1.95879 30804
LH_805 0.48822 0.64998 1.24705 0.77176 0.54043 0.61043 30805
LH_806 0.37426 0.87351 0.27401 0.69608 0.79650 0.66911 30806
LH_807 0.23431 0.76095 0.53741 1.36440 0.75622 1.80466 30807
LH_808 0.12902 0.86990 0.32904 2.88678 0.86580 0.64429 30808
LH_809 0.35449 0.89697 0.42469 2.65104 1.14330 1.11398 30809
LH_810 0.31117 0.83652 0.39161 0.97919 0.60981 1.54180 30810
LH_811 0.19606 0.86897 0.58553 0.55067 0.53713 0.59047 30811
LH_812 0.36102 0.60421 0.64749 0.58777 1.25415 1.89508 30812
LH_813 0.18369 0.61245 0.94169 1.21772 0.54581 0.99934 30813
LH_814 0.39321 0.63166 0.41897 0.51681 1.17169 0.65538 30814
LH_815 0.32037 0.84855 2.20231 1.57784 0.59399 1.98448 30815
LH_816 0.21332 0.79960 0.49086 2.70277 1.85025 1.08314 30816
LH_817 0.48628 0.84009 1.37341 0.44181 0.60898 1.34748 30817
LH_818 0.41869 0.81577 0.44527 0.49691 0.50700 1.28896 30818
LH_819 0.25681 0.86589 0.56379 0.56670 0.57014 1.67474 30819
LH_820 0.47273 0.99386 0.31254 1.06812 0.91066 0.95247 30820
LH_821 0.47090 0.87978 0.95557 0.38561 0.53159 1.54557 30821
LH_822 0.48995 0.74285 3.60245 0.30829 0.78599 1.33370 30822
LH_823 0.30318 0.92743 2.46288 1.07519 1.21009 1.90890 30823
LH_824 0.42545 0.83589 0.35026 0.32248 1.04738 0.84315 30824
LH_825 0.10036 0.82650 0.64122 3.09844 0.63908 0.57762 30825
LH_826 0.15674 0.75482 0.87337 2.43143 1.39776 1.33700 30826
LH_827 0.41084 0.73407 2.91433 1.28471 0.71887 0.73962 30827
LH_828 0.38721 0.96087 0.72402 0.55096 1.40696 0.82474 30828
LH_829 0.34995 0.99130 0.99930 0.64923 0.68625 1.83074 30829
LH_830 0.40696 0.68790 1.06882 0.55492 1.36183 1.29441 30830
LH_831 0.41026 0.80434 0.53169 1.46704 0.56746 1.58413 30831
LH_832 0.27817 0.97284 1.76228 0.33772 1.90731 0.50758 30832
LH_833 0.11755 0.79501 0.75654 0.86726 1.31632 0.64861 30833
LH_834 0.17126 0.62979 1.05821 0.63336 1.53181 1.20446 30834
LH_835 0.44763 0.61870 0.28211 0.73792 1.56862 0.94323 30835
LH_836 0.16817 0.98732 2.78259 2.97109 1.68185 0.57984 30836
LH_837 0.44824 0.92468 2.36043 3.22609 1.40027 0.73267 30837
LH_838 0.42628 0.92981 1.00325 3.19481 0.80051 1.62779 30838
LH_839 0.32644 0.89679 0.29178 2.47595 0.82359 0.69164 30839
LH_840 0.37485 0.69055 0.67137 3.07447 0.98353 0.61932 30840
LH_841 0.27685 0.82744 1.04243 0.33727 1.87866 0.51174 30841
LH_842 0.47846 0.84737 0.37078 0.45399 0.89607 0.52115 30842
LH_843 0.17977 0.95662 1.55784 1.86510 0.51302 1.49755 30843
LH_844 0.10293 0.77012 0.65626 3.39357 0.94589 1.00725 30844
LH_845 0.35787 0.62337 0.51088 0.39103 0.57552 0.90510 30845
LH_846 0.15525 0.88975 2.24541 0.79661 1.13519 1.96042 30846
LH_847 0.14548 0.76786 0.50222 0.26402 1.84571 0.57207 30847
LH_848 0.29174 0.76237 3.08960 1.86974 0.85134 0.91625 30848
LH_849 0.35050 0.71813 1.25876 1.50877 1.12406 0.57854 30849
LH_850 0.14308 0.96456 0.59796 2.03656 0.99139 1.11136 30850
LH_851 0.43108 0.64303 1.92939 1.72055 0.93964 1.01436 30851
LH_852 0.33650 0.93852 2.89905 0.40411 0.61449 1.19794 30852
LH_853 0.12370 0.81355 0.42934 1.22207 1.13821 0.80284 30853
LH_854 0.13707 0.66618 0.68826 0.87079 0.57896 1.52065 30854
LH_855 0.38927 0.63210 1.41145 0.45584 1.18041 0.74174 30855
LH_856 0.28922 0.62686 0.28931 2.25079 1.38763 0.97802 30856
LH_857 0.41936 0.97341 3.28668 0.52834 1.69356 1.06500 30857
LH_858 0.11316 0.80586 1.72396 3.53330 1.18658 1.50180 30858
LH_859 0.40406 0.68457 0.28560 1.15858 0.52004 1.09323 30859
LH_860 0.34863 0.88615 1.14625 1.11547 0.71401 1.74724 30860
LH_861 0.12597 0.61036 0.40652 2.12990 0.54789 0.92741 30861
LH_862 0.13254 0.65831 0.74200 2.44047 0.85774 1.60914 30862
LH_863 0.16751 0.79080 0.45806 1.42562 1.20547 1.74111 30863
LH_864 0.11002 0.61360 0.62942 1.06251 1.45736 1.78616 30864
LH_865 0.39863 0.94083 0.77387 1.49846 1.38987 0.57679 30865
LH_866 0.49022 0.69518 0.59096 0.78501 0.97218 0.99252 30866
LH_867 0.21470 0.97974 1.06489 0.51890 0.98099 1.22052 30867
LH_868 0.15195 0.65265 2.38033 0.82523 0.70913 0.89377 30868
LH_869 0.21265 0.75573 0.29307 0.93734 1.11991 0.53046 30869
LH_870 0.19056 0.91841 0.84609 2.67215 0.61782 0.76203 30870
LH_871 0.40599 0.74041 0.48352 1.62283 0.77664 1.64922 30871
LH_872 0.46671 0.87268 2.73782 3.61445 0.64106 1.07931 30872
LH_873 0.35166 0.61673 2.74518 1.29627 0.51893 1.95257 30873
LH_874 0.21683 0.69138 2.86266 0.53056 0.90560 0.87957 30874
LH_875 0.19286 0.73670 1.90218 1.00040 1.52964 0.50952 30875
LH_876 0.32084 0.70892 0.78110 0.29367 0.84982 0.71022 30876
LH_877 0.26689 0.65890 0.78693 0.94764 1.22612 1.48713 30877
LH_878 0.11770 0.85029 1.06103 1.18792 1.43701 1.17764 30878
LH_879 0.13228 0.89255 3.79517 3.31795 1.00835 0.63995 30879
LH_880 0.15459 0.68563 1.62927 2.57633 1.72900 1.58829 30880
LH_881 0.48781 0.93393 0.55623 3.17301 1.02289 0.92845 30881
LH_882 0.34567 0.66909 1.96422 2.14905 1.32933 0.79422 30882
LH_883 0.30875 0.81249 0.61214 0.71070 0.87100 1.02386 30883
LH_884 0.44222 0.95260 0.58915 0.46914 1.66856 0.59544 30884
LH_885 0.44439 0.91204 3.54747 2.62158 0.95174 1.53203 30885
LH_886 0.14085 0.88830 1.12713 1.82073 1.81229 0.88046 30886
LH_887 0.22766 0.63675 3.95929 2.00061 1.32751 1.39335 30887
LH_888 0.10474 0.62286 2.51878 0.65380 0.55466 1.41951 30888
LH_889 0.42329 0.63407 2.36789 0.31001 0.59671 0.68731 30889
LH_890 0.10596 0.86845 0.96439 3.30243 1.59652 0.50212 30890
LH_891 0.12604 0.72820 0.63190 0.34147 1.26080 0.52442 30891
LH_892 0.21008 0.85468 0.66489 0.99034 1.05663 1.74903 30892
LH_893 0.46708 0.77690 0.53454 1.65025 1.12898 0.58762 30893
LH_894 0.12517 0.98206 0.40459 0.29351 1.55871 1.09217 30894
LH_895 0.24935 0.89518 0.48761 0.89902 1.02690 1.86132 30895
LH_896 0.26806 0.90823 0.69711 0.97352 0.61535 1.66209 30896
LH_897 0.48390 0.81420 2.59455 1.81497 1.46245 0.94185 30897
LH_898 0.20625 0.84525 0.90707 0.39749 1.12640 0.74342 30898
LH_899 0.21368 0.98930 2.56904 0.36090 0.62167 1.48131 30899
LH_900 0.14629 0.78495 0.60648 1.40417 1.13020 0.70838 30900
LH_901 0.19326 0.76479 0.98833 0.42141 0.50063 0.54250 30901
LH_902 0.37799 0.72654 3.47600 0.53562 0.63504 1.54056 30902
LH_903 0.14663 0.71291 0.92643 0.69991 1.08270 1.17895 30903
LH_904 0.45386 0.98350 1.53080 0.85678 0.62507 0.72829 30904
LH_905 0.35678 0.78316 1.08411 0.74414 1.72501 1.35851 30905
LH_906 0.11664 0.69100 0.91185 1.28797 0.73763 1.19944 30906
LH_907 0.47834 0.77766 0.82260 2.21414 1.66064 0.60341 30907
LH_908 0.27247 0.77859 2.45693 1.35555 0.74575 0.52124 30908
LH_909 0.29688 0.78633 2.25599 1.51636 0.82923 1.82798 30909
LH_910 0.17785 0.91354 0.63827 1.12543 1.26563 1.02654 30910
LH_911 0.30895 0.78417 3.33893 2.68254 1.82600 0.89408 30911
LH_912 0.20417 0.60836 0.87824 0.76610 0.66798 1.07786 30912
LH_913 0.40524 0.90548 0.92315 3.62339 0.75444 1.04756 30913
LH_914 0.35526 0.89588 1.06700 1.36158 0.97921 1.09713 30914
LH_915 0.25755 0.88888 0.51638 0.89605 0.85893 0.93955 30915
LH_916 0.17821 0.66371 2.01231 0.56007 1.06120 0.52860 30916
LH_917 0.32134 0.72687 0.55032 1.70532 1.04882 1.06724 30917
LH_918 0.47025 0.88922 1.75116 1.45836 0.53889 0.50054 30918
LH_919 0.31485 0.72356 0.61610 3.59908 1.26960 1.41395 30919
LH_920 0.33202 0.91381 1.59572 0.70382 0.53442 1.06818 30920
LH_921 0.46394 0.62814 3.55430 2.79032 1.61440 1.00903 30921
LH_922 0.44630 0.85205 3.38859 1.59758 0.77964 0.97067 30922
LH_923 0.13773 0.64841 1.21793 0.44372 0.51922 0.72588 30923
LH_924 0.39628 0.70458 3.59608 2.53379 1.83573 1.43734 30924
LH_925 0.13926 0.93224 0.70940 0.67913 0.89332 0.55634 30925
LH_926 0.29666 0.89308 2.62372 0.36434 1.43369 0.58209 30926
LH_927 0.47915 0.90691 0.74571 1.63470 1.59922 1.18419 30927
LH_928 0.35630 0.85680 2.34639 0.32356 1.34709 1.63551 30928
LH_929 0.29885 0.92904 1.77136 0.99707 0.61904 0.99090 30929
LH_930 0.18963 0.64091 0.39889 0.63108 1.91795 0.95451 30930
LH_931 0.49907 0.85137 0.66817 1.97954 0.70529 0.52936 30931
LH_932 0.48306 0.72998 3.97494 0.27613 1.01421 0.80444 30932
LH_933 0.35481 0.77283 1.28646 0.81461 1.33915 1.93832 30933
LH_934 0.12846 0.77755 0.42726 1.11812 0.52268 1.01673 30934
LH_935 0.31792 0.84329 0.35130 3.99016 1.26346 0.71727 30935
LH_936 0.20365 0.65565 1.11084 1.25241 0.67639 1.11449 30936
LH_937 0.17316 0.60623 3.25747 2.35919 0.58716 0.68822 30937
LH_938 0.33549 0.77275 0.92865 2.80232 0.93178 1.12480 30938
LH_939 0.30425 0.90577 0.83480 1.83807 1.27897 0.61361 30939
LH_940 0.30357 0.83316 0.26293 0.43201 1.62189 0.53512 30940
LH_941 0.15681 0.85078 1.73553 0.28159 0.71091 0.65914 30941
LH_942 0.19501 0.80820 0.63684 3.25797 0.89252 1.59112 30942
LH_943 0.22126 0.99797 0.94906 1.33862 1.02165 1.47258 30943
LH_944 0.40286 0.84464 0.57854 0.38762 0.66818 0.65690 30944
LH_945 0.25334 0.93514 2.15324 2.60608 1.90399 0.84667 30945
LH_946 0.26725 0.83631 0.28379 1.14883 0.90951 1.77304 30946
LH_947 0.41620 0.68145 1.23473 0.38514 1.09938 1.15415 30947
LH_948 0.34181 0.98400 0.27481 1.75456 1.32334 0.75793 30948
LH_949 0.28419 0.82636 0.31808 0.42432 0.63895 1.94992 30949
LH_950 0.31903 0.60958 3.02819 3.28722 1.09328 0.85271 30950
LH_951 0.48684 0.75639 2.40527 0.47478 1.32143 0.91475 30951
LH_952 0.14193 0.75878 0.37492 3.37504 0.52664 0.64088 30952
LH_953 0.18553 0.72266 1.69857 0.44081 0.87813 1.60513 30953
LH_954 0.30449 0.84770 1.92881 1.64279 1.78705 0.98118 30954
LH_955 0.46037 0.89773 0.42383 3.44860 0.68888 0.73067 30955
LH_956 0.28099 0.61532 1.43996 1.39579 0.73616 0.60158 30956
LH_957 0.28675 0.86076 1.98344 2.19947 0.84853 0.95702 30957
LH_958 0.18875 0.91704 0.43338 0.50433 1.10765 0.62049 30958
LH_959 0.33062 0.99825 0.86988 0.35799 0.62408 0.67824 30959
LH_960 0.22344 0.80364 0.33765 0.28517 0.59560 0.73312 30960
LH_961 0.10323 0.74324 1.68166 0.68619 1.59049 0.58011 30961
LH_962 0.12985 0.78884 1.10389 2.14270 0.69363 1.35647 30962
LH_963 0.22203 0.71627 0.50589 0.52916 0.82574 1.34550 30963
LH_964 0.40780 0.87499 0.55238 3.43365 0.68378 0.79819 30964
LH_965 0.22172 0.87217 0.34387 0.42584 0.65840 0.84062 30965
LH_966 0.46556 0.83020 1.71101 1.43259 1.92235 0.80814 30966
LH_967 0.11581 0.72798 0.27611 2.33222 0.64574 1.44707 30967
LH_968 0.15284 0.84391 0.29538 2.20493 0.86965 0.57563 30968
LH_969 0.18165 0.63065 1.02440 0.77827 1.58266 0.71922 30969
LH_970 0.48745 0.94263 1.42443 0.27781 0.53577 1.81644 30970
LH_971 0.36328 0.74689 0.57320 0.73390 0.56885 0.75393 30971
LH_972 0.27872 0.81202 0.29787 3.51586 1.51400 0.88293 30972
LH_973 0.33104 0.86165 0.78870 3.76418 0.92732 1.03933 30973
LH_974 0.32933 0.88267 0.80421 1.41475 0.83398 1.88411 30974
LH_975 0.25216 0.71417 0.83217 0.32324 0.96148 0.79662 30975
LH_976 0.48584 0.78245 0.36317 0.59774 0.60664 0.56513 30976
LH_977 0.20673 0.94997 1.40104 0.88745 0.63612 0.88887 30977
LH_978 0.27917 0.84710 0.33013 1.02090 0.63130 0.62318 30978
LH_979 0.30553 0.62231 3.46965 3.39835 1.32049 0.71485 30979
LH_980 0.25111 0.98522 2.02284 0.30207 0.98330 0.59694 30980
LH_981 0.29212 0.66799 0.38523 1.53132 0.92176 1.14913 30981
LH_982 0.21138 0.71145 0.50399 0.89394 0.72884 0.82313 30982
LH_983 0.43842 0.77588 0.25072 0.53649 1.88678 1.33048 30983
LH_984 0.41968 0.78683 0.74933 3.81430 1.49023 1.66592 30984
LH_985 0.28031 0.65702 2.97355 3.78693 1.48350 0.93536 30985
LH_986 0.37954 0.94754 1.09371 0.54001 0.55651 0.77746 30986
LH_987 0.37882 0.93074 1.35355 1.47616 1.95383 1.26348 30987
LH_988 0.48055 0.69297 3.17945 2.09244 1.19078 1.49575 30988
LH_989 0.20493 0.64697 3.49811 0.62328 0.84569 1.42320 30989
LH_990 0.35751 0.78647 0.81167 0.32954 0.50840 1.69324 30990
LH_991 0.40883 0.76685 0.43491 1.67668 0.94214 0.69025 30991
LH_992 0.37152 0.68867 0.96841 0.43496 0.73974 0.76655 30992
LH_993 0.19246 0.68366 1.16922 3.81916 1.21422 1.35197 30993
LH_994 0.39107 0.82433 0.49022 1.72713 0.52085 1.01696 30994
LH_995 0.35894 0.93939 0.42164 0.48198 1.59244 0.58680 30995
LH_996 0.47150 0.81807 0.34632 0.63507 0.83720 1.02191 30996
LH_997 0.30210 0.74585 1.41974 1.15210 0.79896 0.68292 30997
LH_998 0.12460 0.68601 1.28257 0.25891 0.81679 0.62987 30998
LH_999 0.12753 0.73625 0.29670 1.69501 0.74381 1.91791 30999
