#Name	Omega0	sigma8	SNMomentumBoostFactor	TwindMassLoadingBoostFactor	BondiAccretionBoostFactor	AGNFeedbackTemperature	OmegaBaryon	HubbleParam	n_s	SFEfficiency	CritPhysDensity	Nspawn	SNIIEnergyBoostFactor	SNIaEnergyBoostFactor	HNfrac	ZHN	SNIIEventNumber	DesNumNgbFB	TwindCsndBoostFactor	TwindVwindBoostFactor	EddingtonAccretionBoostFactor	Cvisc	BHRadiativeEfficiency	AGNFeedbackEfficiency	SeedBlackHoleMass	MinFoFMassForNewSeed	Seed
1P_p1_n2	0.1	0.8	1.0	1.0	1.0	3.16e8	0.0490	0.6711	0.9624	0.01	0.1	2	1.0	1.0	0.5	1e-3	2	8	1.0	1.0	1	6.28e2	0.1	0.15	1e-5	1	67
1P_p1_n1	0.2	0.8	1.0	1.0	1.0	3.16e8	0.0490	0.6711	0.9624	0.01	0.1	2	1.0	1.0	0.5	1e-3	2	8	1.0	1.0	1	6.28e2	0.1	0.15	1e-5	1	67
1P_p1_0	0.3	0.8	1.0	1.0	1.0	3.16e8	0.0490	0.6711	0.9624	0.01	0.1	2	1.0	1.0	0.5	1e-3	2	8	1.0	1.0	1	6.28e2	0.1	0.15	1e-5	1	67
1P_p1_1	0.4	0.8	1.0	1.0	1.0	3.16e8	0.0490	0.6711	0.9624	0.01	0.1	2	1.0	1.0	0.5	1e-3	2	8	1.0	1.0	1	6.28e2	0.1	0.15	1e-5	1	67
1P_p1_2	0.5	0.8	1.0	1.0	1.0	3.16e8	0.0490	0.6711	0.9624	0.01	0.1	2	1.0	1.0	0.5	1e-3	2	8	1.0	1.0	1	6.28e2	0.1	0.15	1e-5	1	67
1P_p2_n2	0.3	0.6	1.0	1.0	1.0	3.16e8	0.0490	0.6711	0.9624	0.01	0.1	2	1.0	1.0	0.5	1e-3	2	8	1.0	1.0	1	6.28e2	0.1	0.15	1e-5	1	67
1P_p2_n1	0.3	0.7	1.0	1.0	1.0	3.16e8	0.0490	0.6711	0.9624	0.01	0.1	2	1.0	1.0	0.5	1e-3	2	8	1.0	1.0	1	6.28e2	0.1	0.15	1e-5	1	67
1P_p2_0	0.3	0.8	1.0	1.0	1.0	3.16e8	0.0490	0.6711	0.9624	0.01	0.1	2	1.0	1.0	0.5	1e-3	2	8	1.0	1.0	1	6.28e2	0.1	0.15	1e-5	1	67
1P_p2_1	0.3	0.9	1.0	1.0	1.0	3.16e8	0.0490	0.6711	0.9624	0.01	0.1	2	1.0	1.0	0.5	1e-3	2	8	1.0	1.0	1	6.28e2	0.1	0.15	1e-5	1	67
1P_p2_2	0.3	1.0	1.0	1.0	1.0	3.16e8	0.0490	0.6711	0.9624	0.01	0.1	2	1.0	1.0	0.5	1e-3	2	8	1.0	1.0	1	6.28e2	0.1	0.15	1e-5	1	67
1P_p3_n2	0.3	0.8	0.25	1.0	1.0	3.16e8	0.0490	0.6711	0.9624	0.01	0.1	2	1.0	1.0	0.5	1e-3	2	8	1.0	1.0	1	6.28e2	0.1	0.15	1e-5	1	67
1P_p3_n1	0.3	0.8	0.5	1.0	1.0	3.16e8	0.0490	0.6711	0.9624	0.01	0.1	2	1.0	1.0	0.5	1e-3	2	8	1.0	1.0	1	6.28e2	0.1	0.15	1e-5	1	67
1P_p3_0	0.3	0.8	1.0	1.0	1.0	3.16e8	0.0490	0.6711	0.9624	0.01	0.1	2	1.0	1.0	0.5	1e-3	2	8	1.0	1.0	1	6.28e2	0.1	0.15	1e-5	1	67
1P_p3_1	0.3	0.8	2.0	1.0	1.0	3.16e8	0.0490	0.6711	0.9624	0.01	0.1	2	1.0	1.0	0.5	1e-3	2	8	1.0	1.0	1	6.28e2	0.1	0.15	1e-5	1	67
1P_p3_2	0.3	0.8	4.0	1.0	1.0	3.16e8	0.0490	0.6711	0.9624	0.01	0.1	2	1.0	1.0	0.5	1e-3	2	8	1.0	1.0	1	6.28e2	0.1	0.15	1e-5	1	67
1P_p4_n2	0.3	0.8	1.0	0.25	1.0	3.16e8	0.0490	0.6711	0.9624	0.01	0.1	2	1.0	1.0	0.5	1e-3	2	8	1.0	1.0	1	6.28e2	0.1	0.15	1e-5	1	67
1P_p4_n1	0.3	0.8	1.0	0.5	1.0	3.16e8	0.0490	0.6711	0.9624	0.01	0.1	2	1.0	1.0	0.5	1e-3	2	8	1.0	1.0	1	6.28e2	0.1	0.15	1e-5	1	67
1P_p4_0	0.3	0.8	1.0	1.0	1.0	3.16e8	0.0490	0.6711	0.9624	0.01	0.1	2	1.0	1.0	0.5	1e-3	2	8	1.0	1.0	1	6.28e2	0.1	0.15	1e-5	1	67
1P_p4_1	0.3	0.8	1.0	2.0	1.0	3.16e8	0.0490	0.6711	0.9624	0.01	0.1	2	1.0	1.0	0.5	1e-3	2	8	1.0	1.0	1	6.28e2	0.1	0.15	1e-5	1	67
1P_p4_2	0.3	0.8	1.0	4.0	1.0	3.16e8	0.0490	0.6711	0.9624	0.01	0.1	2	1.0	1.0	0.5	1e-3	2	8	1.0	1.0	1	6.28e2	0.1	0.15	1e-5	1	67
1P_p5_n2	0.3	0.8	1.0	1.0	0.25	3.16e8	0.0490	0.6711	0.9624	0.01	0.1	2	1.0	1.0	0.5	1e-3	2	8	1.0	1.0	1	6.28e2	0.1	0.15	1e-5	1	67
1P_p5_n1	0.3	0.8	1.0	1.0	0.5	3.16e8	0.0490	0.6711	0.9624	0.01	0.1	2	1.0	1.0	0.5	1e-3	2	8	1.0	1.0	1	6.28e2	0.1	0.15	1e-5	1	67
1P_p5_0	0.3	0.8	1.0	1.0	1.0	3.16e8	0.0490	0.6711	0.9624	0.01	0.1	2	1.0	1.0	0.5	1e-3	2	8	1.0	1.0	1	6.28e2	0.1	0.15	1e-5	1	67
1P_p5_1	0.3	0.8	1.0	1.0	2.0	3.16e8	0.0490	0.6711	0.9624	0.01	0.1	2	1.0	1.0	0.5	1e-3	2	8	1.0	1.0	1	6.28e2	0.1	0.15	1e-5	1	67
1P_p5_2	0.3	0.8	1.0	1.0	4.0	3.16e8	0.0490	0.6711	0.9624	0.01	0.1	2	1.0	1.0	0.5	1e-3	2	8	1.0	1.0	1	6.28e2	0.1	0.15	1e-5	1	67
1P_p6_n2	0.3	0.8	1.0	1.0	1.0	79000000.0	0.0490	0.6711	0.9624	0.01	0.1	2	1.0	1.0	0.5	1e-3	2	8	1.0	1.0	1	6.28e2	0.1	0.15	1e-5	1	67
1P_p6_n1	0.3	0.8	1.0	1.0	1.0	158000000.0	0.0490	0.6711	0.9624	0.01	0.1	2	1.0	1.0	0.5	1e-3	2	8	1.0	1.0	1	6.28e2	0.1	0.15	1e-5	1	67
1P_p6_0	0.3	0.8	1.0	1.0	1.0	316000000.0	0.0490	0.6711	0.9624	0.01	0.1	2	1.0	1.0	0.5	1e-3	2	8	1.0	1.0	1	6.28e2	0.1	0.15	1e-5	1	67
1P_p6_1	0.3	0.8	1.0	1.0	1.0	632000000.0	0.0490	0.6711	0.9624	0.01	0.1	2	1.0	1.0	0.5	1e-3	2	8	1.0	1.0	1	6.28e2	0.1	0.15	1e-5	1	67
1P_p6_2	0.3	0.8	1.0	1.0	1.0	1260000000.0	0.0490	0.6711	0.9624	0.01	0.1	2	1.0	1.0	0.5	1e-3	2	8	1.0	1.0	1	6.28e2	0.1	0.15	1e-5	1	67
1P_p7_n2	0.3	0.8	1.0	1.0	1.0	3.16e8	0.029	0.6711	0.9624	0.01	0.1	2	1.0	1.0	0.5	1e-3	2	8	1.0	1.0	1	6.28e2	0.1	0.15	1e-5	1	67
1P_p7_n1	0.3	0.8	1.0	1.0	1.0	3.16e8	0.039	0.6711	0.9624	0.01	0.1	2	1.0	1.0	0.5	1e-3	2	8	1.0	1.0	1	6.28e2	0.1	0.15	1e-5	1	67
1P_p7_0	0.3	0.8	1.0	1.0	1.0	3.16e8	0.049	0.6711	0.9624	0.01	0.1	2	1.0	1.0	0.5	1e-3	2	8	1.0	1.0	1	6.28e2	0.1	0.15	1e-5	1	67
1P_p7_1	0.3	0.8	1.0	1.0	1.0	3.16e8	0.059	0.6711	0.9624	0.01	0.1	2	1.0	1.0	0.5	1e-3	2	8	1.0	1.0	1	6.28e2	0.1	0.15	1e-5	1	67
1P_p7_2	0.3	0.8	1.0	1.0	1.0	3.16e8	0.069	0.6711	0.9624	0.01	0.1	2	1.0	1.0	0.5	1e-3	2	8	1.0	1.0	1	6.28e2	0.1	0.15	1e-5	1	67
1P_p8_n2	0.3	0.8	1.0	1.0	1.0	3.16e8	0.0490	0.4711	0.9624	0.01	0.1	2	1.0	1.0	0.5	1e-3	2	8	1.0	1.0	1	6.28e2	0.1	0.15	1e-5	1	67
1P_p8_n1	0.3	0.8	1.0	1.0	1.0	3.16e8	0.0490	0.5711	0.9624	0.01	0.1	2	1.0	1.0	0.5	1e-3	2	8	1.0	1.0	1	6.28e2	0.1	0.15	1e-5	1	67
1P_p8_0	0.3	0.8	1.0	1.0	1.0	3.16e8	0.0490	0.6711	0.9624	0.01	0.1	2	1.0	1.0	0.5	1e-3	2	8	1.0	1.0	1	6.28e2	0.1	0.15	1e-5	1	67
1P_p8_1	0.3	0.8	1.0	1.0	1.0	3.16e8	0.0490	0.7711	0.9624	0.01	0.1	2	1.0	1.0	0.5	1e-3	2	8	1.0	1.0	1	6.28e2	0.1	0.15	1e-5	1	67
1P_p8_2	0.3	0.8	1.0	1.0	1.0	3.16e8	0.0490	0.8711	0.9624	0.01	0.1	2	1.0	1.0	0.5	1e-3	2	8	1.0	1.0	1	6.28e2	0.1	0.15	1e-5	1	67
1P_p9_n2	0.3	0.8	1.0	1.0	1.0	3.16e8	0.0490	0.6711	0.7624	0.01	0.1	2	1.0	1.0	0.5	1e-3	2	8	1.0	1.0	1	6.28e2	0.1	0.15	1e-5	1	67
1P_p9_n1	0.3	0.8	1.0	1.0	1.0	3.16e8	0.0490	0.6711	0.8624	0.01	0.1	2	1.0	1.0	0.5	1e-3	2	8	1.0	1.0	1	6.28e2	0.1	0.15	1e-5	1	67
1P_p9_0	0.3	0.8	1.0	1.0	1.0	3.16e8	0.0490	0.6711	0.9624	0.01	0.1	2	1.0	1.0	0.5	1e-3	2	8	1.0	1.0	1	6.28e2	0.1	0.15	1e-5	1	67
1P_p9_1	0.3	0.8	1.0	1.0	1.0	3.16e8	0.0490	0.6711	1.062	0.01	0.1	2	1.0	1.0	0.5	1e-3	2	8	1.0	1.0	1	6.28e2	0.1	0.15	1e-5	1	67
1P_p9_2	0.3	0.8	1.0	1.0	1.0	3.16e8	0.0490	0.6711	1.162	0.01	0.1	2	1.0	1.0	0.5	1e-3	2	8	1.0	1.0	1	6.28e2	0.1	0.15	1e-5	1	67
1P_p10_n2	0.3	0.8	1.0	1.0	1.0	3.16e8	0.0490	0.6711	0.9624	0.002	0.1	2	1.0	1.0	0.5	1e-3	2	8	1.0	1.0	1	6.28e2	0.1	0.15	1e-5	1	67
1P_p10_n1	0.3	0.8	1.0	1.0	1.0	3.16e8	0.0490	0.6711	0.9624	0.00447	0.1	2	1.0	1.0	0.5	1e-3	2	8	1.0	1.0	1	6.28e2	0.1	0.15	1e-5	1	67
1P_p10_0	0.3	0.8	1.0	1.0	1.0	3.16e8	0.0490	0.6711	0.9624	0.01	0.1	2	1.0	1.0	0.5	1e-3	2	8	1.0	1.0	1	6.28e2	0.1	0.15	1e-5	1	67
1P_p10_1	0.3	0.8	1.0	1.0	1.0	3.16e8	0.0490	0.6711	0.9624	0.0224	0.1	2	1.0	1.0	0.5	1e-3	2	8	1.0	1.0	1	6.28e2	0.1	0.15	1e-5	1	67
1P_p10_2	0.3	0.8	1.0	1.0	1.0	3.16e8	0.0490	0.6711	0.9624	0.05	0.1	2	1.0	1.0	0.5	1e-3	2	8	1.0	1.0	1	6.28e2	0.1	0.15	1e-5	1	67
1P_p11_n2	0.3	0.8	1.0	1.0	1.0	3.16e8	0.0490	0.6711	0.9624	0.01	0.01	2	1.0	1.0	0.5	1e-3	2	8	1.0	1.0	1	6.28e2	0.1	0.15	1e-5	1	67
1P_p11_n1	0.3	0.8	1.0	1.0	1.0	3.16e8	0.0490	0.6711	0.9624	0.01	0.0316	2	1.0	1.0	0.5	1e-3	2	8	1.0	1.0	1	6.28e2	0.1	0.15	1e-5	1	67
1P_p11_0	0.3	0.8	1.0	1.0	1.0	3.16e8	0.0490	0.6711	0.9624	0.01	0.1	2	1.0	1.0	0.5	1e-3	2	8	1.0	1.0	1	6.28e2	0.1	0.15	1e-5	1	67
1P_p11_1	0.3	0.8	1.0	1.0	1.0	3.16e8	0.0490	0.6711	0.9624	0.01	0.316	2	1.0	1.0	0.5	1e-3	2	8	1.0	1.0	1	6.28e2	0.1	0.15	1e-5	1	67
1P_p11_2	0.3	0.8	1.0	1.0	1.0	3.16e8	0.0490	0.6711	0.9624	0.01	1.0	2	1.0	1.0	0.5	1e-3	2	8	1.0	1.0	1	6.28e2	0.1	0.15	1e-5	1	67
1P_p12_n1	0.3	0.8	1.0	1.0	1.0	3.16e8	0.0490	0.6711	0.9624	0.01	0.1	1.0	1.0	1.0	0.5	1e-3	2	8	1.0	1.0	1	6.28e2	0.1	0.15	1e-5	1	67
1P_p12_0	0.3	0.8	1.0	1.0	1.0	3.16e8	0.0490	0.6711	0.9624	0.01	0.1	2.0	1.0	1.0	0.5	1e-3	2	8	1.0	1.0	1	6.28e2	0.1	0.15	1e-5	1	67
1P_p12_1	0.3	0.8	1.0	1.0	1.0	3.16e8	0.0490	0.6711	0.9624	0.01	0.1	3.0	1.0	1.0	0.5	1e-3	2	8	1.0	1.0	1	6.28e2	0.1	0.15	1e-5	1	67
1P_p12_2	0.3	0.8	1.0	1.0	1.0	3.16e8	0.0490	0.6711	0.9624	0.01	0.1	4.0	1.0	1.0	0.5	1e-3	2	8	1.0	1.0	1	6.28e2	0.1	0.15	1e-5	1	67
1P_p13_n2	0.3	0.8	1.0	1.0	1.0	3.16e8	0.0490	0.6711	0.9624	0.01	0.1	2	0.25	1.0	0.5	1e-3	2	8	1.0	1.0	1	6.28e2	0.1	0.15	1e-5	1	67
1P_p13_n1	0.3	0.8	1.0	1.0	1.0	3.16e8	0.0490	0.6711	0.9624	0.01	0.1	2	0.5	1.0	0.5	1e-3	2	8	1.0	1.0	1	6.28e2	0.1	0.15	1e-5	1	67
1P_p13_0	0.3	0.8	1.0	1.0	1.0	3.16e8	0.0490	0.6711	0.9624	0.01	0.1	2	1.0	1.0	0.5	1e-3	2	8	1.0	1.0	1	6.28e2	0.1	0.15	1e-5	1	67
1P_p13_1	0.3	0.8	1.0	1.0	1.0	3.16e8	0.0490	0.6711	0.9624	0.01	0.1	2	2.0	1.0	0.5	1e-3	2	8	1.0	1.0	1	6.28e2	0.1	0.15	1e-5	1	67
1P_p13_2	0.3	0.8	1.0	1.0	1.0	3.16e8	0.0490	0.6711	0.9624	0.01	0.1	2	4.0	1.0	0.5	1e-3	2	8	1.0	1.0	1	6.28e2	0.1	0.15	1e-5	1	67
1P_p14_n2	0.3	0.8	1.0	1.0	1.0	3.16e8	0.0490	0.6711	0.9624	0.01	0.1	2	1.0	0.25	0.5	1e-3	2	8	1.0	1.0	1	6.28e2	0.1	0.15	1e-5	1	67
1P_p14_n1	0.3	0.8	1.0	1.0	1.0	3.16e8	0.0490	0.6711	0.9624	0.01	0.1	2	1.0	0.5	0.5	1e-3	2	8	1.0	1.0	1	6.28e2	0.1	0.15	1e-5	1	67
1P_p14_0	0.3	0.8	1.0	1.0	1.0	3.16e8	0.0490	0.6711	0.9624	0.01	0.1	2	1.0	1.0	0.5	1e-3	2	8	1.0	1.0	1	6.28e2	0.1	0.15	1e-5	1	67
1P_p14_1	0.3	0.8	1.0	1.0	1.0	3.16e8	0.0490	0.6711	0.9624	0.01	0.1	2	1.0	2.0	0.5	1e-3	2	8	1.0	1.0	1	6.28e2	0.1	0.15	1e-5	1	67
1P_p14_2	0.3	0.8	1.0	1.0	1.0	3.16e8	0.0490	0.6711	0.9624	0.01	0.1	2	1.0	4.0	0.5	1e-3	2	8	1.0	1.0	1	6.28e2	0.1	0.15	1e-5	1	67
1P_p15_n2	0.3	0.8	1.0	1.0	1.0	3.16e8	0.0490	0.6711	0.9624	0.01	0.1	2	1.0	1.0	0.1	1e-3	2	8	1.0	1.0	1	6.28e2	0.1	0.15	1e-5	1	67
1P_p15_n1	0.3	0.8	1.0	1.0	1.0	3.16e8	0.0490	0.6711	0.9624	0.01	0.1	2	1.0	1.0	0.3	1e-3	2	8	1.0	1.0	1	6.28e2	0.1	0.15	1e-5	1	67
1P_p15_0	0.3	0.8	1.0	1.0	1.0	3.16e8	0.0490	0.6711	0.9624	0.01	0.1	2	1.0	1.0	0.5	1e-3	2	8	1.0	1.0	1	6.28e2	0.1	0.15	1e-5	1	67
1P_p15_1	0.3	0.8	1.0	1.0	1.0	3.16e8	0.0490	0.6711	0.9624	0.01	0.1	2	1.0	1.0	0.7	1e-3	2	8	1.0	1.0	1	6.28e2	0.1	0.15	1e-5	1	67
1P_p15_2	0.3	0.8	1.0	1.0	1.0	3.16e8	0.0490	0.6711	0.9624	0.01	0.1	2	1.0	1.0	0.9	1e-3	2	8	1.0	1.0	1	6.28e2	0.1	0.15	1e-5	1	67
1P_p16_n2	0.3	0.8	1.0	1.0	1.0	3.16e8	0.0490	0.6711	0.9624	0.01	0.1	2	1.0	1.0	0.5	0.0001	2	8	1.0	1.0	1	6.28e2	0.1	0.15	1e-5	1	67
1P_p16_0	0.3	0.8	1.0	1.0	1.0	3.16e8	0.0490	0.6711	0.9624	0.01	0.1	2	1.0	1.0	0.5	0.001	2	8	1.0	1.0	1	6.28e2	0.1	0.15	1e-5	1	67
1P_p16_2	0.3	0.8	1.0	1.0	1.0	3.16e8	0.0490	0.6711	0.9624	0.01	0.1	2	1.0	1.0	0.5	0.01	2	8	1.0	1.0	1	6.28e2	0.1	0.15	1e-5	1	67
1P_p17_n1	0.3	0.8	1.0	1.0	1.0	3.16e8	0.0490	0.6711	0.9624	0.01	0.1	2	1.0	1.0	0.5	1e-3	1.0	8	1.0	1.0	1	6.28e2	0.1	0.15	1e-5	1	67
1P_p17_0	0.3	0.8	1.0	1.0	1.0	3.16e8	0.0490	0.6711	0.9624	0.01	0.1	2	1.0	1.0	0.5	1e-3	2.0	8	1.0	1.0	1	6.28e2	0.1	0.15	1e-5	1	67
1P_p17_1	0.3	0.8	1.0	1.0	1.0	3.16e8	0.0490	0.6711	0.9624	0.01	0.1	2	1.0	1.0	0.5	1e-3	3.0	8	1.0	1.0	1	6.28e2	0.1	0.15	1e-5	1	67
1P_p17_2	0.3	0.8	1.0	1.0	1.0	3.16e8	0.0490	0.6711	0.9624	0.01	0.1	2	1.0	1.0	0.5	1e-3	4.0	8	1.0	1.0	1	6.28e2	0.1	0.15	1e-5	1	67
1P_p18_n2	0.3	0.8	1.0	1.0	1.0	3.16e8	0.0490	0.6711	0.9624	0.01	0.1	2	1.0	1.0	0.5	1e-3	2	4.0	1.0	1.0	1	6.28e2	0.1	0.15	1e-5	1	67
1P_p18_n1	0.3	0.8	1.0	1.0	1.0	3.16e8	0.0490	0.6711	0.9624	0.01	0.1	2	1.0	1.0	0.5	1e-3	2	6.0	1.0	1.0	1	6.28e2	0.1	0.15	1e-5	1	67
1P_p18_0	0.3	0.8	1.0	1.0	1.0	3.16e8	0.0490	0.6711	0.9624	0.01	0.1	2	1.0	1.0	0.5	1e-3	2	8.0	1.0	1.0	1	6.28e2	0.1	0.15	1e-5	1	67
1P_p18_1	0.3	0.8	1.0	1.0	1.0	3.16e8	0.0490	0.6711	0.9624	0.01	0.1	2	1.0	1.0	0.5	1e-3	2	10.0	1.0	1.0	1	6.28e2	0.1	0.15	1e-5	1	67
1P_p18_2	0.3	0.8	1.0	1.0	1.0	3.16e8	0.0490	0.6711	0.9624	0.01	0.1	2	1.0	1.0	0.5	1e-3	2	12.0	1.0	1.0	1	6.28e2	0.1	0.15	1e-5	1	67
1P_p19_n2	0.3	0.8	1.0	1.0	1.0	3.16e8	0.0490	0.6711	0.9624	0.01	0.1	2	1.0	1.0	0.5	1e-3	2	8	0.5	1.0	1	6.28e2	0.1	0.15	1e-5	1	67
1P_p19_n1	0.3	0.8	1.0	1.0	1.0	3.16e8	0.0490	0.6711	0.9624	0.01	0.1	2	1.0	1.0	0.5	1e-3	2	8	0.707	1.0	1	6.28e2	0.1	0.15	1e-5	1	67
1P_p19_0	0.3	0.8	1.0	1.0	1.0	3.16e8	0.0490	0.6711	0.9624	0.01	0.1	2	1.0	1.0	0.5	1e-3	2	8	1.0	1.0	1	6.28e2	0.1	0.15	1e-5	1	67
1P_p19_1	0.3	0.8	1.0	1.0	1.0	3.16e8	0.0490	0.6711	0.9624	0.01	0.1	2	1.0	1.0	0.5	1e-3	2	8	1.41	1.0	1	6.28e2	0.1	0.15	1e-5	1	67
1P_p19_2	0.3	0.8	1.0	1.0	1.0	3.16e8	0.0490	0.6711	0.9624	0.01	0.1	2	1.0	1.0	0.5	1e-3	2	8	2.0	1.0	1	6.28e2	0.1	0.15	1e-5	1	67
1P_p20_n2	0.3	0.8	1.0	1.0	1.0	3.16e8	0.0490	0.6711	0.9624	0.01	0.1	2	1.0	1.0	0.5	1e-3	2	8	1.0	0.5	1	6.28e2	0.1	0.15	1e-5	1	67
1P_p20_n1	0.3	0.8	1.0	1.0	1.0	3.16e8	0.0490	0.6711	0.9624	0.01	0.1	2	1.0	1.0	0.5	1e-3	2	8	1.0	0.707	1	6.28e2	0.1	0.15	1e-5	1	67
1P_p20_0	0.3	0.8	1.0	1.0	1.0	3.16e8	0.0490	0.6711	0.9624	0.01	0.1	2	1.0	1.0	0.5	1e-3	2	8	1.0	1.0	1	6.28e2	0.1	0.15	1e-5	1	67
1P_p20_1	0.3	0.8	1.0	1.0	1.0	3.16e8	0.0490	0.6711	0.9624	0.01	0.1	2	1.0	1.0	0.5	1e-3	2	8	1.0	1.41	1	6.28e2	0.1	0.15	1e-5	1	67
1P_p20_2	0.3	0.8	1.0	1.0	1.0	3.16e8	0.0490	0.6711	0.9624	0.01	0.1	2	1.0	1.0	0.5	1e-3	2	8	1.0	2.0	1	6.28e2	0.1	0.15	1e-5	1	67
1P_p21_n2	0.3	0.8	1.0	1.0	1.0	3.16e8	0.0490	0.6711	0.9624	0.01	0.1	2	1.0	1.0	0.5	1e-3	2	8	1.0	1.0	0.1	6.28e2	0.1	0.15	1e-5	1	67
1P_p21_n1	0.3	0.8	1.0	1.0	1.0	3.16e8	0.0490	0.6711	0.9624	0.01	0.1	2	1.0	1.0	0.5	1e-3	2	8	1.0	1.0	0.316	6.28e2	0.1	0.15	1e-5	1	67
1P_p21_0	0.3	0.8	1.0	1.0	1.0	3.16e8	0.0490	0.6711	0.9624	0.01	0.1	2	1.0	1.0	0.5	1e-3	2	8	1.0	1.0	1.0	6.28e2	0.1	0.15	1e-5	1	67
1P_p21_1	0.3	0.8	1.0	1.0	1.0	3.16e8	0.0490	0.6711	0.9624	0.01	0.1	2	1.0	1.0	0.5	1e-3	2	8	1.0	1.0	3.16	6.28e2	0.1	0.15	1e-5	1	67
1P_p21_2	0.3	0.8	1.0	1.0	1.0	3.16e8	0.0490	0.6711	0.9624	0.01	0.1	2	1.0	1.0	0.5	1e-3	2	8	1.0	1.0	10.0	6.28e2	0.1	0.15	1e-5	1	67
1P_p22_n2	0.3	0.8	1.0	1.0	1.0	3.16e8	0.0490	0.6711	0.9624	0.01	0.1	2	1.0	1.0	0.5	1e-3	2	8	1.0	1.0	1	6.28	0.1	0.15	1e-5	1	67
1P_p22_n1	0.3	0.8	1.0	1.0	1.0	3.16e8	0.0490	0.6711	0.9624	0.01	0.1	2	1.0	1.0	0.5	1e-3	2	8	1.0	1.0	1	62.8	0.1	0.15	1e-5	1	67
1P_p22_0	0.3	0.8	1.0	1.0	1.0	3.16e8	0.0490	0.6711	0.9624	0.01	0.1	2	1.0	1.0	0.5	1e-3	2	8	1.0	1.0	1	628.0	0.1	0.15	1e-5	1	67
1P_p22_1	0.3	0.8	1.0	1.0	1.0	3.16e8	0.0490	0.6711	0.9624	0.01	0.1	2	1.0	1.0	0.5	1e-3	2	8	1.0	1.0	1	6280.0	0.1	0.15	1e-5	1	67
1P_p22_2	0.3	0.8	1.0	1.0	1.0	3.16e8	0.0490	0.6711	0.9624	0.01	0.1	2	1.0	1.0	0.5	1e-3	2	8	1.0	1.0	1	62800.0	0.1	0.15	1e-5	1	67
1P_p23_n2	0.3	0.8	1.0	1.0	1.0	3.16e8	0.0490	0.6711	0.9624	0.01	0.1	2	1.0	1.0	0.5	1e-3	2	8	1.0	1.0	1	6.28e2	0.025	0.15	1e-5	1	67
1P_p23_n1	0.3	0.8	1.0	1.0	1.0	3.16e8	0.0490	0.6711	0.9624	0.01	0.1	2	1.0	1.0	0.5	1e-3	2	8	1.0	1.0	1	6.28e2	0.05	0.15	1e-5	1	67
1P_p23_0	0.3	0.8	1.0	1.0	1.0	3.16e8	0.0490	0.6711	0.9624	0.01	0.1	2	1.0	1.0	0.5	1e-3	2	8	1.0	1.0	1	6.28e2	0.1	0.15	1e-5	1	67
1P_p23_1	0.3	0.8	1.0	1.0	1.0	3.16e8	0.0490	0.6711	0.9624	0.01	0.1	2	1.0	1.0	0.5	1e-3	2	8	1.0	1.0	1	6.28e2	0.2	0.15	1e-5	1	67
1P_p23_2	0.3	0.8	1.0	1.0	1.0	3.16e8	0.0490	0.6711	0.9624	0.01	0.1	2	1.0	1.0	0.5	1e-3	2	8	1.0	1.0	1	6.28e2	0.4	0.15	1e-5	1	67
1P_p24_n2	0.3	0.8	1.0	1.0	1.0	3.16e8	0.0490	0.6711	0.9624	0.01	0.1	2	1.0	1.0	0.5	1e-3	2	8	1.0	1.0	1	6.28e2	0.1	0.0375	1e-5	1	67
1P_p24_n1	0.3	0.8	1.0	1.0	1.0	3.16e8	0.0490	0.6711	0.9624	0.01	0.1	2	1.0	1.0	0.5	1e-3	2	8	1.0	1.0	1	6.28e2	0.1	0.075	1e-5	1	67
1P_p24_0	0.3	0.8	1.0	1.0	1.0	3.16e8	0.0490	0.6711	0.9624	0.01	0.1	2	1.0	1.0	0.5	1e-3	2	8	1.0	1.0	1	6.28e2	0.1	0.15	1e-5	1	67
1P_p24_1	0.3	0.8	1.0	1.0	1.0	3.16e8	0.0490	0.6711	0.9624	0.01	0.1	2	1.0	1.0	0.5	1e-3	2	8	1.0	1.0	1	6.28e2	0.1	0.3	1e-5	1	67
1P_p24_2	0.3	0.8	1.0	1.0	1.0	3.16e8	0.0490	0.6711	0.9624	0.01	0.1	2	1.0	1.0	0.5	1e-3	2	8	1.0	1.0	1	6.28e2	0.1	0.6	1e-5	1	67
1P_p25_n2	0.3	0.8	1.0	1.0	1.0	3.16e8	0.0490	0.6711	0.9624	0.01	0.1	2	1.0	1.0	0.5	1e-3	2	8	1.0	1.0	1	6.28e2	0.1	0.15	1e-06	1	67
1P_p25_n1	0.3	0.8	1.0	1.0	1.0	3.16e8	0.0490	0.6711	0.9624	0.01	0.1	2	1.0	1.0	0.5	1e-3	2	8	1.0	1.0	1	6.28e2	0.1	0.15	3.16e-06	1	67
1P_p25_0	0.3	0.8	1.0	1.0	1.0	3.16e8	0.0490	0.6711	0.9624	0.01	0.1	2	1.0	1.0	0.5	1e-3	2	8	1.0	1.0	1	6.28e2	0.1	0.15	1e-05	1	67
1P_p25_1	0.3	0.8	1.0	1.0	1.0	3.16e8	0.0490	0.6711	0.9624	0.01	0.1	2	1.0	1.0	0.5	1e-3	2	8	1.0	1.0	1	6.28e2	0.1	0.15	3.16e-05	1	67
1P_p25_2	0.3	0.8	1.0	1.0	1.0	3.16e8	0.0490	0.6711	0.9624	0.01	0.1	2	1.0	1.0	0.5	1e-3	2	8	1.0	1.0	1	6.28e2	0.1	0.15	0.0001	1	67
1P_p26_n2	0.3	0.8	1.0	1.0	1.0	3.16e8	0.0490	0.6711	0.9624	0.01	0.1	2	1.0	1.0	0.5	1e-3	2	8	1.0	1.0	1	6.28e2	0.1	0.15	1e-5	0.1	67
1P_p26_n1	0.3	0.8	1.0	1.0	1.0	3.16e8	0.0490	0.6711	0.9624	0.01	0.1	2	1.0	1.0	0.5	1e-3	2	8	1.0	1.0	1	6.28e2	0.1	0.15	1e-5	0.316	67
1P_p26_0	0.3	0.8	1.0	1.0	1.0	3.16e8	0.0490	0.6711	0.9624	0.01	0.1	2	1.0	1.0	0.5	1e-3	2	8	1.0	1.0	1	6.28e2	0.1	0.15	1e-5	1.0	67
1P_p26_1	0.3	0.8	1.0	1.0	1.0	3.16e8	0.0490	0.6711	0.9624	0.01	0.1	2	1.0	1.0	0.5	1e-3	2	8	1.0	1.0	1	6.28e2	0.1	0.15	1e-5	3.16	67
1P_p26_2	0.3	0.8	1.0	1.0	1.0	3.16e8	0.0490	0.6711	0.9624	0.01	0.1	2	1.0	1.0	0.5	1e-3	2	8	1.0	1.0	1	6.28e2	0.1	0.15	1e-5	10.0	67