#Name  Omega_m  sigma_8  A_SN1     A_AGN1  A_SN2  A_AGN2  seed
   LH_0 0.44220 0.85540   0.41928   0.73002 1.75200 1.27899 10000
   LH_1 0.12620 0.69820   0.73204   0.73816 1.37459 0.98555 10001
   LH_2 0.34980 0.92260   0.65702   2.71697 1.70645 1.51047 10002
   LH_3 0.36060 0.84580   0.86694   3.03564 0.51513 0.84851 10003
   LH_4 0.43940 0.86460   0.56723   1.31768 1.19997 1.21841 10004
   LH_5 0.42740 0.81100   0.29813   0.37736 1.39571 1.05190 10005
   LH_6 0.38780 0.69140   2.36526   2.73967 0.68539 0.97468 10006
   LH_7 0.42060 0.90700   1.90000   2.06480 1.84421 0.66480 10007
   LH_8 0.15660 0.73180   1.07923   0.85976 1.00765 1.64832 10008
   LH_9 0.35340 0.65620   1.31768   0.66067 1.70409 1.60103 10009
  LH_10 0.38620 0.69340   0.57995   0.44689 1.25440 1.39571 10010
  LH_11 0.19060 0.87020   1.20916   1.94801 0.50733 1.19334 10011
  LH_12 0.20660 0.62940   0.30566   0.48431 0.89069 0.55981 10012
  LH_13 0.21220 0.82220   3.84238   0.91130 1.93053 1.90132 10013
  LH_14 0.29140 0.96940   0.80888   1.12506 1.42109 1.84421 10014
  LH_15 0.37780 0.71540   1.60882   3.32649 0.94934 1.23885 10015
  LH_16 0.19180 0.68620   3.98340   1.90528 1.93589 1.02172 10016
  LH_17 0.24140 0.87340   1.36226   1.44393 1.32777 1.93858 10017
  LH_18 0.13980 0.75780   0.57038   1.09429 0.57395 0.57554 10018
  LH_19 0.21140 0.69300   0.25455   2.67215 0.53700 1.76418 10019
  LH_20 0.36220 0.80020   0.78025   0.28757 1.00069 1.86995 10020
  LH_21 0.46940 0.95820   0.97400   0.30907 0.72447 0.58520 10021
  LH_22 0.34860 0.84820   0.39012   0.27509 1.35004 0.70466 10022
  LH_23 0.17060 0.66980   0.77809   3.42950 1.46713 1.38415 10023
  LH_24 0.14540 0.98460   0.61643   0.35306 1.14314 0.53477 10024
  LH_25 0.26620 0.76180   1.92119   2.08204 0.65112 1.40347 10025
  LH_26 0.26900 0.86220   0.39557   0.76737 1.18509 0.64038 10026
  LH_27 0.45140 0.63100   0.44813   0.36908 1.36888 1.34443 10027
  LH_28 0.13660 0.85780   0.60626   1.96973 0.60165 0.74794 10028
  LH_29 0.13700 0.79420   1.40834   1.41225 0.55210 0.81960 10029
  LH_30 0.15260 0.96340   0.68682   0.29240 0.65022 1.89868 10030
  LH_31 0.48060 0.62220   2.86394   0.43227 1.30224 1.49796 10031
  LH_32 0.44380 0.90140   0.30313   1.26400 1.47734 1.79378 10032
  LH_33 0.49940 0.67860   0.25244   1.51362 0.89565 1.88557 10033
  LH_34 0.42980 0.79060   2.43176   0.39777 0.61174 0.82416 10034
  LH_35 0.25420 0.67900   0.47237   0.72598 0.79830 1.12584 10035
  LH_36 0.23220 0.83580   0.75891   0.96059 1.04174 1.35754 10036
  LH_37 0.28660 0.80740   3.06099   0.58642 1.08147 1.16393 10037
  LH_38 0.10060 0.79100   0.77164   0.70613 1.45498 1.20164 10038
  LH_39 0.27220 0.67700   2.31338   3.34499 0.61515 1.05629 10039
  LH_40 0.17900 0.89340   0.51051   0.84557 0.98966 1.61217 10040
  LH_41 0.35700 0.64700   1.14076   1.36983 0.58682 1.42504 10041
  LH_42 0.21540 0.68460   0.36501   0.68682 1.51677 1.34071 10042
  LH_43 0.45740 0.72300   1.93724   1.18921 0.54981 1.40153 10043
  LH_44 0.13780 0.99300   3.53571   1.07624 0.69786 1.71594 10044
  LH_45 0.25220 0.63220   0.38582   1.54756 0.75524 0.77325 10045
  LH_46 0.36020 0.86180   0.84557   1.86865 1.69232 0.83451 10046
  LH_47 0.42700 0.63140   3.52592   1.15029 0.73458 1.34817 10047
  LH_48 0.48100 0.60820   3.31728   2.32624 1.73027 0.52087 10048
  LH_49 0.42180 0.63380   3.42950   0.50488 1.64832 0.88700 10049
  LH_50 0.25540 0.63340   1.27103   0.67175 1.42504 1.21335 10050
  LH_51 0.25060 0.80460   0.26389   0.27816 0.54299 1.58997 10051
  LH_52 0.35380 0.64300   3.00216   0.29484 1.57026 0.86394 10052
  LH_53 0.12660 0.80300   0.65157   2.13465 0.65293 0.92852 10053
  LH_54 0.14620 0.78540   0.71005   0.97400 1.85189 1.01748 10054
  LH_55 0.17260 0.72060   0.66250   1.32501 1.69466 0.60584 10055
  LH_56 0.33500 0.67380   0.28598   0.48565 1.50212 0.73765 10056
  LH_57 0.31700 0.68500   0.30397   1.99723 0.76472 1.15910 10057
  LH_58 0.25700 0.91300   2.79336   1.72907 1.39185 0.76897 10058
  LH_59 0.16420 0.95500   0.72196   3.24451 0.67315 0.63596 10059
  LH_60 0.13340 0.68100   1.34723   0.98760 1.16070 0.88332 10060
  LH_61 0.21940 0.86500   1.47223   1.00975 1.10726 1.54435 10061
  LH_62 0.18820 0.83020   0.83393   1.23628 0.87478 1.00905 10062
  LH_63 0.30940 0.82820   0.86454   1.95342 0.63949 0.51228 10063
  LH_64 0.43060 0.61580   1.70527   1.24315 1.20497 0.99516 10064
  LH_65 0.21180 0.84780   0.56880   2.09362 1.55725 0.88823 10065
  LH_66 0.37420 0.86140   1.47631   2.85601 1.72788 0.97739 10066
  LH_67 0.27460 0.67940   3.09513   1.93187 0.78404 1.30586 10067
  LH_68 0.21420 0.74580   2.83235   2.65001 1.64148 1.78633 10068
  LH_69 0.37300 0.88260   0.38262   2.26891 0.52377 0.67689 10069
  LH_70 0.18980 0.84660   1.35472   0.92146 1.43694 1.70882 10070
  LH_71 0.14420 0.68380   0.59132   0.96862 1.48349 1.07699 10071
  LH_72 0.14940 0.64500   0.30993   0.38475 0.62460 1.29325 10072
  LH_73 0.16220 0.78180   0.34532   1.56917 0.70662 1.99308 10073
  LH_74 0.39460 0.95700   2.54912   0.53219 1.97931 1.69232 10074
  LH_75 0.46900 0.61140   1.33607   0.52778 0.94803 1.42306 10075
  LH_76 0.14860 0.95660   0.35014   0.88148 0.76366 1.30405 10076
  LH_77 0.18020 0.92340   0.35209   0.88638 1.22179 1.93053 10077
  LH_78 0.45620 0.94700   0.57355   0.80888 1.12740 0.61771 10078
  LH_79 0.29100 0.78940   3.57514   2.63536 0.86754 1.97657 10079
  LH_80 0.18740 0.71300   0.85027   1.59107 1.01607 1.32409 10080
  LH_81 0.28740 0.87060   2.59188   1.07029 0.51656 1.06216 10081
  LH_82 0.34220 0.85140   0.35503   0.57038 0.77432 1.75443 10082
  LH_83 0.17300 0.72580   0.31425   1.43197 1.76908 0.62460 10083
  LH_84 0.46620 0.67500   0.53219   1.10343 0.55440 0.87236 10084
  LH_85 0.16980 0.87500   0.60963   1.16312 0.85678 1.97383 10085
  LH_86 0.19580 0.75220   0.53663   1.72429 1.60103 1.49381 10086
  LH_87 0.27260 0.81860   0.94475   1.46003 0.83335 1.37078 10087
  LH_88 0.44180 0.80540   1.87384   2.10526 0.63508 1.02030 10088
  LH_89 0.17220 0.75540   0.25314   0.83162 1.23542 0.93627 10089
  LH_90 0.26540 0.85220   3.34499   0.27056 1.62113 1.06659 10090
  LH_91 0.17860 0.76580   1.22264   1.22944 1.76663 0.89317 10091
  LH_92 0.37020 0.68300   0.48700   2.57041 0.84968 0.85086 10092
  LH_93 0.26860 0.69700   2.16445   2.50707 0.56527 1.22519 10093
  LH_94 0.41460 0.73700   2.97729   3.78948 1.18017 1.60993 10094
  LH_95 0.20500 0.88780   0.34820   0.31776 1.21504 0.80051 10095
  LH_96 0.13300 0.67660   0.57515   0.92916 0.57475 1.06363 10096
  LH_97 0.49300 0.85020   0.76950   0.76525 1.48761 1.02883 10097
  LH_98 0.42460 0.87860   0.28757   1.92652 1.44894 1.65979 10098
  LH_99 0.34740 0.67020   0.42162   1.40056 1.48968 1.13367 10099
 LH_100 0.21500 0.99780   0.43588   0.45063 0.52888 1.82640 10100
 LH_101 0.34180 0.65420   3.83174   0.28049 0.82188 1.95206 10101
 LH_102 0.19940 0.88500   0.69255   1.78262 0.50243 0.57078 10102
 LH_103 0.32420 0.64060   0.74021   0.89876 1.31494 1.18509 10103
 LH_104 0.14340 0.91780   2.65737   0.47500 1.00905 0.77432 10104
 LH_105 0.29740 0.60940   3.85305   0.86694 0.93109 0.76366 10105
 LH_106 0.49540 0.83060   0.33033   0.71203 0.83451 1.22688 10106
 LH_107 0.31260 0.91340   2.39828   0.63552 0.51228 1.18674 10107
 LH_108 0.37620 0.85860   0.34724   1.41618 0.61600 0.52377 10108
 LH_109 0.32900 0.61300   1.10343   2.64268 0.63156 1.06511 10109
 LH_110 0.12180 0.86620   0.52341   0.53514 0.91447 1.34257 10110
 LH_111 0.10460 0.79500   0.33588   0.67924 1.49381 1.23371 10111
 LH_112 0.24420 0.76140   0.44938   2.23767 0.72347 0.52814 10112
 LH_113 0.26260 0.92660   3.19984   0.32488 0.58520 0.70662 10113
 LH_114 0.40180 0.85700   0.28283   3.80000 0.90063 0.64483 10114
 LH_115 0.23620 0.87300   3.24451   2.67957 0.75002 0.58196 10115
 LH_116 0.32140 0.61420   1.42011   3.69609 1.30405 0.62633 10116
 LH_117 0.48540 0.73540   1.53901   0.32760 0.76897 1.43495 10117
 LH_118 0.11740 0.73620   0.54261   1.80751 0.99654 1.17365 10118
 LH_119 0.23140 0.77820   1.07624   1.17609 1.21167 0.92083 10119
 LH_120 0.12060 0.76900   0.30736   0.41466 0.85560 1.94396 10120
 LH_121 0.25340 0.78140   0.96059   0.95264 1.17691 1.22859 10121
 LH_122 0.38300 0.98380   2.52801   3.97237 1.07549 0.81169 10122
 LH_123 0.30660 0.83860   1.00975   1.98069 0.53626 0.59173 10123
 LH_124 0.19140 0.62180   0.66989   1.52626 0.66480 0.90063 10124
 LH_125 0.22220 0.91660   0.36198   2.75490 1.09657 0.74484 10125
 LH_126 0.31780 0.87620   3.66547   2.44528 1.26663 0.52449 10126
 LH_127 0.43580 0.76220   0.72397   2.39828 1.02740 1.57243 10127
 LH_128 0.31140 0.66460   1.06437   0.61814 1.66902 1.17854 10128
 LH_129 0.21820 0.88300   1.72429   1.47223 0.56058 0.94409 10129
 LH_130 0.36620 0.88740   0.75054   0.65338 1.54649 1.21167 10130
 LH_131 0.25900 0.78100   2.15248   1.59549 1.08448 1.26138 10131
 LH_132 0.47980 0.97340   3.90683   0.51192 0.64483 1.33886 10132
 LH_133 0.27820 0.97660   2.62079   1.29954 1.96564 0.53999 10133
 LH_134 0.10580 0.97980   0.34917   3.02723 0.54829 0.58601 10134
 LH_135 0.30300 0.93900   0.32488   0.34917 0.66204 0.63244 10135
 LH_136 0.29380 0.81780   3.23553   0.86454 1.99032 0.54905 10136
 LH_137 0.36780 0.88820   1.32869   0.28997 0.58196 1.44493 10137
 LH_138 0.42820 0.62980   0.46073   0.79996 1.51257 0.98418 10138
 LH_139 0.11660 0.86940   2.21299   2.05908 1.02883 1.50004 10139
 LH_140 0.37980 0.67220   0.28440   2.77791 0.51799 0.57955 10140
 LH_141 0.32180 0.77220   1.50525   1.22264 0.93887 0.65022 10141
 LH_142 0.27060 0.83900   1.88949   0.31600 1.46307 1.14790 10142
 LH_143 0.14180 0.72620   1.76786   0.35601 1.96837 1.25614 10143
 LH_144 0.45660 0.94780   0.28519   0.45188 1.27721 1.39185 10144
 LH_145 0.25460 0.68260   2.23148   0.74846 1.95477 1.12272 10145
 LH_146 0.38820 0.95460   0.70028   1.55186 1.19831 0.91573 10146
 LH_147 0.20380 0.60780   1.21251   0.87418 1.98756 0.59667 10147
 LH_148 0.25380 0.66380   3.67565   1.74836 1.13367 0.75524 10148
 LH_149 0.38980 0.90340   2.03073   1.88426 1.37078 1.45902 10149
 LH_150 0.26580 0.75660   2.30697   1.38511 0.58601 1.19003 10150
 LH_151 0.22580 0.96460   3.87447   0.53366 1.89343 0.54299 10151
 LH_152 0.47220 0.94740   2.64268   2.18859 1.37841 1.43694 10152
 LH_153 0.22980 0.79940   0.59460   0.86934 0.50593 0.81847 10153
 LH_154 0.21900 0.89580   0.50628   0.87904 1.77892 0.74691 10154
 LH_155 0.22740 0.97140   0.31952   0.51907 0.62546 1.92786 10155
 LH_156 0.48580 0.91700   0.84090   0.38904 1.72309 0.83799 10156
 LH_157 0.27500 0.93980   0.53071   0.56723 0.78187 1.77154 10157
 LH_158 0.22380 0.68420   0.52486   3.06099 0.72951 1.82134 10158
 LH_159 0.36140 0.84740   2.05338   0.77164 0.50035 1.27368 10159
 LH_160 0.43340 0.93500   1.65405   0.42988 1.08749 1.14314 10160
 LH_161 0.25740 0.99220   0.66434   0.48297 0.81057 0.93887 10161
 LH_162 0.36180 0.88420   0.58642   2.58471 0.68920 1.25788 10162
 LH_163 0.48980 0.93660   1.39281   1.07326 0.61005 1.48349 10163
 LH_164 0.44420 0.97580   2.62806   2.61353 1.80625 1.68529 10164
 LH_165 0.15900 0.78580   2.76255   0.32399 0.78731 0.59091 10165
 LH_166 0.23980 0.71820   3.30809   1.20581 1.62789 0.66204 10166
 LH_167 0.31180 0.71500   1.16959   1.08824 1.34630 1.90924 10167
 LH_168 0.12900 0.80060   0.96326   0.58805 0.72146 1.29684 10168
 LH_169 0.22180 0.71660   1.05263   0.55325 0.61857 1.10114 10169
 LH_170 0.30220 0.86740   0.68113   1.57352 1.27544 0.63508 10170
 LH_171 0.26780 0.84180   1.84805   1.53475 0.76684 1.62789 10171
 LH_172 0.16260 0.74940   1.67249   1.21588 0.82302 1.68997 10172
 LH_173 0.24740 0.77340   3.95040   0.27971 1.24057 1.23542 10173
 LH_174 0.11820 0.67620   0.40895   0.78458 0.53775 0.70368 10174
 LH_175 0.21460 0.87140   0.69448   1.38896 0.89689 0.84382 10175
 LH_176 0.47860 0.98820   0.30821   1.36226 0.73765 1.30949 10176
 LH_177 0.34140 0.84940   2.18859   2.26263 1.06511 0.53034 10177
 LH_178 0.39060 0.64220   0.49107   0.34724 0.77755 0.78187 10178
 LH_179 0.39580 0.79700   0.48971   3.98340 0.76578 1.36320 10179
 LH_180 0.44260 0.74660   3.40110   0.28205 0.53924 1.19499 10180
 LH_181 0.25500 0.75260   0.31688   1.09126 0.98418 0.91067 10181
 LH_182 0.36380 0.88580   0.57197   3.15579 1.19499 1.71832 10182
 LH_183 0.31300 0.76700   1.03526   1.56049 1.18181 0.56999 10183
 LH_184 0.11580 0.88140   2.18253   0.42514 1.79129 0.78731 10184
 LH_185 0.13020 0.61900   3.51616   0.49931 1.12117 1.52098 10185
 LH_186 0.46420 0.76100   1.80250   1.61328 1.27015 0.73969 10186
 LH_187 0.33980 0.85460   0.92659   3.40110 1.11651 1.76908 10187
 LH_188 0.24780 0.62700   0.40782   1.32869 0.94671 1.57026 10188
 LH_189 0.34500 0.70460   0.37945   1.01537 1.11497 0.69689 10189
 LH_190 0.15100 0.98500   0.53961   1.32134 0.73662 0.57714 10190
 LH_191 0.49820 0.74060   0.29566   2.96083 1.93321 1.28432 10191
 LH_192 0.26380 0.88980   0.59296   0.69641 1.27191 0.92466 10192
 LH_193 0.26420 0.70260   0.53366   3.66547 0.95595 0.69303 10193
 LH_194 0.16860 0.74460   1.48452   0.71400 1.50629 0.86155 10194
 LH_195 0.21260 0.77020   0.27893   0.87661 0.51086 0.81734 10195
 LH_196 0.33700 0.79740   1.43993   3.53571 1.07699 0.54224 10196
 LH_197 0.37860 0.73660   0.37319   1.63127 0.67222 0.61600 10197
 LH_198 0.47700 0.78300   0.33868   1.19582 0.67129 0.98010 10198
 LH_199 0.47620 0.90420   0.35998   0.28126 0.74278 0.79169 10199
 LH_200 0.12940 0.61940   1.23628   0.82245 1.78633 1.97931 10200
 LH_201 0.19220 0.63820   2.80111   2.90392 1.72548 0.60752 10201
 LH_202 0.33780 0.94300   0.98487   0.39121 0.53477 1.23029 10202
 LH_203 0.39660 0.75940   3.28980   0.57834 1.83401 0.54074 10203
 LH_204 0.46860 0.84340   1.98618   0.62157 1.66671 1.62113 10204
 LH_205 0.49340 0.63300   1.89474   0.44566 1.15910 0.64842 10205
 LH_206 0.30780 0.94420   0.29978   0.29402 1.32409 0.94278 10206
 LH_207 0.32300 0.76340   2.52101   0.45692 0.64305 0.52522 10207
 LH_208 0.46060 0.70500   3.81055   0.25953 0.51157 1.16878 10208
 LH_209 0.43820 0.74820   0.70613   1.19914 0.59667 1.71356 10209
 LH_210 0.32740 0.73500   2.01950   1.06733 0.90563 1.01607 10210
 LH_211 0.40980 0.77740   0.27357   0.90375 0.96929 0.57157 10211
 LH_212 0.37180 0.66900   3.76853   1.22603 0.84616 1.46713 10212
 LH_213 0.27740 0.66820   0.25596   0.46976 0.74898 1.17528 10213
 LH_214 0.41500 0.68700   0.81790   0.54563 1.65061 0.64752 10214
 LH_215 0.44340 0.84220   0.28997   3.27161 0.60752 1.81127 10215
 LH_216 0.15540 0.96380   2.23767   0.33774 1.45095 0.62807 10216
 LH_217 0.47020 0.92020   2.03637   2.17648 0.62633 0.65474 10217
 LH_218 0.11900 0.63740   3.45815   0.75681 1.51887 1.17202 10218
 LH_219 0.17500 0.77100   0.49792   0.29321 0.77862 0.63772 10219
 LH_220 0.31820 0.92140   0.42632   1.45196 0.52522 0.66943 10220
 LH_221 0.35900 0.95620   0.39667   0.59132 1.26488 1.15429 10221
 LH_222 0.24380 0.91500   3.91768   1.68179 0.56214 1.26663 10222
 LH_223 0.28300 0.78820   0.85738   0.28519 0.89813 0.55057 10223
 LH_224 0.44980 0.70180   2.12874   1.00696 1.87514 0.56370 10224
 LH_225 0.43780 0.61460   1.04681   1.97520 0.66113 0.53626 10225
 LH_226 0.16740 0.69060   1.00696   3.13834 1.43296 1.18838 10226
 LH_227 0.18500 0.73140   3.39168   0.42869 1.67133 0.98282 10227
 LH_228 0.20940 0.93220   0.41123   0.29895 0.88946 1.07103 10228
 LH_229 0.46500 0.91740   1.00139   0.26316 1.86995 1.64148 10229
 LH_230 0.40780 0.62540   0.35700   1.34350 0.74072 1.89080 10230
 LH_231 0.24980 0.85180   0.45188   1.47631 1.45700 1.85961 10231
 LH_232 0.17980 0.97220   0.93433   2.92006 0.91700 1.69466 10232
 LH_233 0.30460 0.67540   1.30677   1.71475 0.60416 1.79876 10233
 LH_234 0.18580 0.70940   0.42045   0.30145 1.53156 0.67036 10234
 LH_235 0.43980 0.74700   2.10526   1.75321 1.41323 1.56808 10235
 LH_236 0.44020 0.62460   1.12194   0.25739 1.23885 1.88296 10236
 LH_237 0.30980 0.60420   0.31252   2.00277 1.24747 0.50383 10237
 LH_238 0.49860 0.70980   0.32579   0.44813 0.70174 0.88087 10238
 LH_239 0.44820 0.60140   2.85601   0.89627 0.90188 1.01045 10239
 LH_240 0.47900 0.71700   1.01819   1.42011 0.73154 0.61344 10240
 LH_241 0.43420 0.79980   0.47764   2.24389 0.94278 1.13210 10241
 LH_242 0.33940 0.92580   3.13834   1.60436 0.63772 0.54525 10242
 LH_243 0.25100 0.67420   1.49278   2.81669 1.15429 0.64305 10243
 LH_244 0.28220 0.60900   0.48030   0.63025 1.75686 0.84499 10244
 LH_245 0.19900 0.95220   1.38511   0.53071 1.94666 1.74715 10245
 LH_246 0.16660 0.71060   3.49671   0.62503 1.67365 0.81620 10246
 LH_247 0.48260 0.97460   0.74226   1.91057 0.81847 1.78881 10247
 LH_248 0.41020 0.86900   0.45439   0.78676 0.50453 0.57794 10248
 LH_249 0.36420 0.88060   3.38229   1.21926 1.92252 1.79129 10249
 LH_250 0.49900 0.81700   0.46976   1.27456 1.32225 1.08448 10250
 LH_251 0.48740 0.64660   0.29078   0.55172 1.29504 1.19997 10251
 LH_252 0.35180 0.66140   1.41618   0.87176 1.28254 0.60165 10252
 LH_253 0.25980 0.64260   0.97131   3.58507 1.33700 1.74957 10253
 LH_254 0.47060 0.66660   0.25104   0.47632 0.91320 1.87514 10254
 LH_255 0.31740 0.83460   0.31864   0.84090 1.75443 1.63467 10255
 LH_256 0.41900 0.67820   0.26906   0.30062 0.71747 1.63921 10256
 LH_257 0.44780 0.88620   1.42405   1.88949 0.75315 0.90941 10257
 LH_258 0.25580 0.99380   0.50348   1.26751 0.94017 1.42701 10258
 LH_259 0.43620 0.69460   1.55617   2.25636 1.39765 1.51467 10259
 LH_260 0.17100 0.70300   0.71598   0.46073 0.84382 1.39765 10260
 LH_261 0.45820 0.97020   0.90626   1.26050 1.43893 0.91193 10261
 LH_262 0.10020 0.71940   1.02954   0.43830 0.94148 1.61440 10262
 LH_263 0.47500 0.60540   0.93952   3.46775 0.81169 0.83915 10263
 LH_264 0.15860 0.93860   1.61776   0.33402 0.84499 1.65749 10264
 LH_265 0.19980 0.92860   0.43347   3.22657 0.55363 0.83335 10265
 LH_266 0.30580 0.75460   0.86214   1.77276 1.15269 0.56762 10266
 LH_267 0.37580 0.95980   2.40494   0.25035 0.73255 1.85703 10267
 LH_268 0.34380 0.65060   2.27521   0.42045 1.94396 1.74473 10268
 LH_269 0.44540 0.66860   0.55942   2.11697 1.15109 0.51370 10269
 LH_270 0.12540 0.74020   0.46201   0.94475 0.83105 0.73052 10270
 LH_271 0.17460 0.77460   2.28786   0.69448 0.93239 0.57475 10271
 LH_272 0.42500 0.63980   1.25701   2.72452 1.25093 0.92595 10272
 LH_273 0.26500 0.60180   0.66067   0.85738 1.17365 1.56374 10273
 LH_274 0.49460 0.69660   3.27161   0.32579 0.54074 1.80625 10274
 LH_275 0.27340 0.75900   1.90528   3.74769 1.02314 1.86219 10275
 LH_276 0.18300 0.92220   0.28205   3.84238 1.37650 0.61005 10276
 LH_277 0.45100 0.85940   3.63511   0.50208 0.96259 1.46307 10277
 LH_278 0.13260 0.79860   0.61472   0.46716 0.98010 0.91828 10278
 LH_279 0.37460 0.84420   0.28049   0.34056 0.62720 0.57634 10279
 LH_280 0.20980 0.99900   0.49380   0.37319 0.66665 0.89813 10280
 LH_281 0.42940 0.66540   0.88148   0.58156 0.78079 1.38032 10281
 LH_282 0.14060 0.93460   1.01255   3.52592 1.55079 0.94803 10282
 LH_283 0.27660 0.94140   3.32649   0.50348 0.53999 0.77539 10283
 LH_284 0.32820 0.78740   0.90878   3.36359 0.85441 1.30044 10284
 LH_285 0.25300 0.70780   0.42750   0.62677 0.88087 0.59337 10285
 LH_286 0.13540 0.81540   3.01049   1.67714 0.62894 0.94017 10286
 LH_287 0.11700 0.80700   0.71797   2.80111 0.75106 0.77970 10287
 LH_288 0.36460 0.80780   0.89876   1.66324 0.71847 0.71351 10288
 LH_289 0.22780 0.84020   1.49692   0.32851 0.57634 1.09202 10289
 LH_290 0.33380 0.96660   0.26683   0.31165 1.70882 1.11806 10290
 LH_291 0.43660 0.76660   0.26981   1.06437 1.77645 1.44894 10291
 LH_292 0.34660 0.90300   0.45946   0.72196 0.96393 0.56683 10292
 LH_293 0.42340 0.98420   1.96973   0.54261 0.65747 0.95993 10293
 LH_294 0.31900 0.85660   0.32942   2.28786 1.06955 1.33145 10294
 LH_295 0.41860 0.97860   1.28521   0.33681 0.69400 0.50313 10295
 LH_296 0.38900 0.97620   2.69447   0.58968 0.60249 1.27544 10296
 LH_297 0.21380 0.93740   1.21588   0.37216 1.93858 0.85678 10297
 LH_298 0.25180 0.94380   1.94801   1.39281 1.06807 1.08147 10298
 LH_299 0.19780 0.69980   0.51192   2.98556 1.12428 0.95727 10299
 LH_300 0.12820 0.72900   0.44196   1.29594 0.64394 0.98146 10300
 LH_301 0.31420 0.61820   3.16455   0.31079 1.07103 0.80720 10301
 LH_302 0.28420 0.98580   0.42279   0.35503 1.14790 1.19665 10302
 LH_303 0.22100 0.67060   3.55537   0.30229 0.53255 1.88818 10303
 LH_304 0.49380 0.60620   0.39338   0.26757 0.88823 1.09962 10304
 LH_305 0.40900 0.72180   0.99034   0.82017 1.28788 1.04174 10305
 LH_306 0.28620 0.98340   1.06142   0.75471 0.62287 0.66850 10306
 LH_307 0.10380 0.95420   0.71997   1.28165 0.52449 1.61888 10307
 LH_308 0.33860 0.65820   0.82702   0.66804 1.22010 0.85323 10308
 LH_309 0.22860 0.68540   0.51477   3.06949 0.54374 1.39959 10309
 LH_310 0.29620 0.65380   0.41466   0.65520 1.02030 1.13839 10310
 LH_311 0.47260 0.86820   1.48041   1.87384 0.87721 0.54829 10311
 LH_312 0.45860 0.68020   0.28126   3.60500 0.64216 0.58116 10312
 LH_313 0.16060 0.65140   0.66804   0.46329 0.64662 0.97603 10313
 LH_314 0.35060 0.90380   1.40444   0.57995 1.52944 1.81378 10314
 LH_315 0.24700 0.65220   1.27810   3.54553 1.86219 1.06069 10315
 LH_316 0.35660 0.78780   0.63728   0.79333 0.63069 0.71648 10316
 LH_317 0.26940 0.86700   1.16312   3.64521 0.89193 0.96929 10317
 LH_318 0.34340 0.92300   2.51403   1.02101 1.91189 0.87721 10318
 LH_319 0.49220 0.84900   0.26832   0.38262 1.82134 0.60668 10319
 LH_320 0.17540 0.89220   2.07053   0.32669 1.36509 0.50243 10320
 LH_321 0.23100 0.92820   0.61302   1.04391 0.82989 0.53775 10321
 LH_322 0.41660 0.77580   3.65533   0.66434 1.11188 0.61429 10322
 LH_323 0.18420 0.96620   0.91130   0.40444 0.51727 1.66440 10323
 LH_324 0.19740 0.81020   0.40444   0.45439 0.97063 1.51257 10324
 LH_325 0.35500 0.75580   0.99861   0.56409 1.16554 0.51943 10325
 LH_326 0.45460 0.61180   2.55620   0.28361 0.74175 1.35191 10326
 LH_327 0.31060 0.90580   2.78562   2.88786 0.60082 0.52015 10327
 LH_328 0.37260 0.83140   0.30062   0.37423 1.14631 1.27015 10328
 LH_329 0.35940 0.80340   0.31513   0.51334 0.67877 0.76684 10329
 LH_330 0.41780 0.60580   0.45063   2.21914 1.52520 1.55294 10330
 LH_331 0.45700 0.92500   3.89602   0.40220 0.52668 0.56058 10331
 LH_332 0.35100 0.76780   1.15990   0.30481 1.34071 1.69702 10332
 LH_333 0.18260 0.61700   0.62677   2.31980 1.96292 0.61090 10333
 LH_334 0.13620 0.83220   0.31776   0.31425 0.61344 1.38223 10334
 LH_335 0.39340 0.86980   0.45818   0.30993 0.65384 1.01466 10335
 LH_336 0.26460 0.98220   0.67924   1.30315 0.81507 1.93321 10336
 LH_337 0.24660 0.78340   2.04202   2.39164 0.80720 0.67877 10337
 LH_338 0.24900 0.63620   0.67362   3.49671 0.69592 0.82989 10338
 LH_339 0.34620 0.94540   2.04769   0.55787 0.59009 0.61942 10339
 LH_340 0.31540 0.81660   1.66786   0.81113 1.22688 0.95330 10340
 LH_341 0.46180 0.77140   1.81252   1.48452 1.33145 1.78386 10341
 LH_342 0.20420 0.64740   0.75681   2.01950 0.61090 1.67830 10342
 LH_343 0.13500 0.79580   3.60500   1.24660 1.07400 1.21672 10343
 LH_344 0.31620 0.61260   0.32399   2.56330 1.86736 1.98481 10344
 LH_345 0.19820 0.93340   0.36602   1.18591 0.60836 0.60500 10345
 LH_346 0.45220 0.97740   3.77899   2.91198 1.19334 0.78404 10346
 LH_347 0.48700 0.65340   0.60458   1.21251 1.02598 1.03742 10347
 LH_348 0.28020 0.90540   2.13465   1.46815 1.41128 0.93109 10348
 LH_349 0.33820 0.71340   2.46570   0.79775 1.56591 0.70564 10349
 LH_350 0.47140 0.68900   1.00417   0.94737 0.73357 0.85204 10350
 LH_351 0.40380 0.65500   2.45888   0.99861 1.58118 1.90396 10351
 LH_352 0.41700 0.94860   1.51362   3.99446 1.84933 0.70956 10352
 LH_353 0.27700 0.75060   0.39121   1.73388 0.73867 0.61259 10353
 LH_354 0.33060 0.92420   1.02385   0.63376 1.68763 1.58337 10354
 LH_355 0.13380 0.72260   0.44689   2.96905 1.57680 1.41323 10355
 LH_356 0.12780 0.72420   0.35601   0.40782 1.31130 0.76578 10356
 LH_357 0.35820 0.79180   1.24660   0.33868 0.83220 0.52961 10357
 LH_358 0.15060 0.67100   1.64035   0.57674 1.33886 0.71847 10358
 LH_359 0.16500 0.77700   0.74639   0.60794 0.99240 1.95477 10359
 LH_360 0.35220 0.77500   0.84323   0.99034 0.81960 0.55287 10360
 LH_361 0.23540 0.78660   0.50768   0.83625 0.93368 0.67596 10361
 LH_362 0.37900 0.76860   1.56049   0.37113 1.25614 0.58764 10362
 LH_363 0.21700 0.82780   1.17936   2.04202 1.82640 1.04754 10363
 LH_364 0.36940 0.96100   1.43197   1.59992 1.33515 1.71119 10364
 LH_365 0.33620 0.95180   0.35404   0.63728 0.96126 1.59660 10365
 LH_366 0.26300 0.98100   3.48703   0.33495 1.98206 0.53255 10366
 LH_367 0.24940 0.92460   1.95342   0.30736 1.61440 0.72648 10367
 LH_368 0.18340 0.90780   3.19098   0.83857 0.57236 0.58927 10368
 LH_369 0.40140 0.70620   0.37840   0.34151 0.81620 0.59255 10369
 LH_370 0.22060 0.70820   0.31600   2.03073 1.33330 0.56136 10370
 LH_371 0.42580 0.93060   1.71475   0.26536 0.50523 0.50035 10371
 LH_372 0.30900 0.74900   0.65884   1.35097 1.13997 1.54221 10372
 LH_373 0.25260 0.79300   0.35799   1.02669 0.58845 1.99585 10373
 LH_374 0.33420 0.89740   0.52924   1.64035 0.82531 1.84676 10374
 LH_375 0.31940 0.62580   1.08523   0.61643 1.46510 0.62373 10375
 LH_376 0.39740 0.85740   2.00277   3.00216 1.01326 0.67129 10376
 LH_377 0.37100 0.94500   2.50707   0.31688 1.20164 1.33700 10377
 LH_378 0.41380 0.68820   0.26757   2.52101 0.60668 0.60249 10378
 LH_379 0.11540 0.64580   1.25006   2.18253 0.98692 1.49589 10379
 LH_380 0.42020 0.64620   0.64618   1.83783 1.09051 1.24401 10380
 LH_381 0.30740 0.65020   0.47369   0.35899 1.78386 0.55826 10381
 LH_382 0.49020 0.81180   0.62157   3.59502 0.81394 1.60325 10382
 LH_383 0.25860 0.79140   1.65864   1.79253 1.51467 0.78622 10383
 LH_384 0.42780 0.60660   1.19914   0.46846 1.57899 0.55133 10384
 LH_385 0.48340 0.65580   0.55325   0.61302 0.55903 0.83220 10385
 LH_386 0.27380 0.87940   2.38502   0.81790 1.29864 1.64376 10386
 LH_387 0.22660 0.98740   2.24389   0.26683 0.56841 1.96564 10387
 LH_388 0.35540 0.92540   1.79751   2.09943 1.62338 0.84616 10388
 LH_389 0.28100 0.85260   2.67957   1.14711 1.41716 1.40737 10389
 LH_390 0.38220 0.65300   2.32624   1.64490 1.77154 0.71055 10390
 LH_391 0.40260 0.88660   0.98760   0.47369 1.52098 0.83683 10391
 LH_392 0.11220 0.97700   1.38127   1.95884 0.90815 0.88946 10392
 LH_393 0.44100 0.64460   0.25035   2.48630 0.72850 0.52888 10393
 LH_394 0.19300 0.98300   2.09943   0.89379 1.54221 1.15269 10394
 LH_395 0.32700 0.70540   0.73408   1.56482 1.11961 1.62563 10395
 LH_396 0.26820 0.66340   0.69641   0.63905 0.51299 0.73662 10396
 LH_397 0.30620 0.92900   0.30907   1.58667 1.34257 1.47939 10397
 LH_398 0.33300 0.82180   3.99446   0.37527 1.04899 0.76472 10398
 LH_399 0.37340 0.81380   0.78895   0.51620 0.99792 0.79941 10399
 LH_400 0.40500 0.68060   2.22530   2.12285 1.60325 1.25963 10400
 LH_401 0.42260 0.76740   1.88426   2.43176 1.38799 1.07998 10401
 LH_402 0.45020 0.71180   0.76102   2.45888 1.23200 0.53182 10402
 LH_403 0.48500 0.61100   0.42869   1.05263 0.98146 1.47325 10403
 LH_404 0.22620 0.99940   3.15579   0.82473 0.70760 0.96795 10404
 LH_405 0.23780 0.86660   2.11697   2.30697 0.67408 0.71153 10405
 LH_406 0.34700 0.72780   1.10038   0.91383 0.58927 0.94934 10406
 LH_407 0.36340 0.61660   0.64977   1.39668 1.03886 1.28076 10407
 LH_408 0.40740 0.70740   1.59992   2.14058 1.89605 1.05336 10408
 LH_409 0.17940 0.88180   0.41009   0.36704 0.54677 0.53329 10409
 LH_410 0.36820 0.71100   0.56409   0.96326 1.52732 0.73458 10410
 LH_411 0.36500 0.60020   0.53812   0.39447 1.05044 1.20330 10411
 LH_412 0.43100 0.78220   0.88393   0.48030 0.51370 0.60416 10412
 LH_413 0.12860 0.71220   0.44319   0.25174 0.53329 1.30224 10413
 LH_414 0.49620 0.86340   0.38797   0.57197 0.82416 0.64932 10414
 LH_415 0.26700 0.79340   3.44857   0.27893 1.48555 0.67502 10415
 LH_416 0.49140 0.81060   0.25739   0.82702 1.42899 0.87843 10416
 LH_417 0.29300 0.84540   0.27662   2.22530 0.53108 0.63420 10417
 LH_418 0.40300 0.99620   0.27586   0.48835 1.99861 0.75419 10418
 LH_419 0.28500 0.87100   1.18263   1.98618 0.54450 0.54677 10419
 LH_420 0.26980 0.85900   2.91198   2.80889 1.13839 1.73989 10420
 LH_421 0.14140 0.75420   1.23971   1.73869 1.68529 0.95595 10421
 LH_422 0.16180 0.62260   3.07801   2.37183 0.70271 1.14155 10422
 LH_423 0.27980 0.70860   0.46458   0.59625 0.57078 1.06807 10423
 LH_424 0.19620 0.90980   3.22657   0.47237 0.58116 0.63684 10424
 LH_425 0.45540 0.96900   0.38689   0.52632 0.84265 0.85560 10425
 LH_426 0.23260 0.88700   1.69584   0.93433 0.91955 1.98756 10426
 LH_427 0.39180 0.98060   1.52203   2.47942 1.42701 0.72347 10427
 LH_428 0.43180 0.94940   0.36400   0.27357 0.63244 0.55671 10428
 LH_429 0.13940 0.92940   0.96862   0.96594 1.88557 1.43098 10429
 LH_430 0.16940 0.66700   0.79333   1.31039 1.24574 0.63332 10430
 LH_431 0.41300 0.99740   2.35218   0.25244 0.61429 1.32042 10431
 LH_432 0.18700 0.82340   0.58968   3.38229 0.99378 1.82893 10432
 LH_433 0.18900 0.72100   1.73388   3.56524 0.71947 0.59832 10433
 LH_434 0.17660 0.91460   1.26050   0.46458 1.56808 0.97874 10434
 LH_435 0.29940 0.60980   0.51763   0.54111 1.73989 1.09657 10435
 LH_436 0.17340 0.81220   0.45692   1.90000 0.92852 0.57236 10436
 LH_437 0.10660 0.70340   0.60290   2.21299 1.14949 0.67408 10437
 LH_438 0.32940 0.87580   1.54756   0.63200 1.17202 1.96837 10438
 LH_439 0.45340 0.99140   0.45313   0.32309 1.38992 0.58682 10439
 LH_440 0.32540 0.65900   1.11884   0.34246 0.78949 1.37650 10440
 LH_441 0.10820 0.62060   1.08222   2.59908 1.51047 0.87600 10441
 LH_442 0.15980 0.68780   0.30481   1.03240 0.82760 0.90689 10442
 LH_443 0.27020 0.71780   1.58227   1.23971 0.92980 1.73508 10443
 LH_444 0.43220 0.70220   2.56330   0.31252 1.16231 0.61174 10444
 LH_445 0.15820 0.93820   0.67549   2.66475 0.67596 1.25440 10445
 LH_446 0.14780 0.68940   1.02669   3.51616 1.74715 1.16554 10446
 LH_447 0.32620 0.90740   1.83274   2.28153 1.68063 0.71252 10447
 LH_448 0.28380 0.73100   0.43952   0.26832 1.31859 1.31677 10448
 LH_449 0.20140 0.82460   0.49243   0.88884 1.63467 0.68825 10449
 LH_450 0.24820 0.81140   0.77378   1.02954 1.01185 1.93589 10450
 LH_451 0.12260 0.72980   0.25810   3.67565 0.66757 1.20497 10451
 LH_452 0.29860 0.82100   0.76313   0.33033 0.69016 0.99103 10452
 LH_453 0.22300 0.88540   0.60794   0.70809 1.97383 0.76791 10453
 LH_454 0.40340 0.94660   0.71400   0.36806 1.16878 1.20999 10454
 LH_455 0.20060 0.94820   0.44566   0.54867 1.31312 0.55903 10455
 LH_456 0.16900 0.65180   3.97237   0.41351 1.24229 0.51513 10456
 LH_457 0.46460 0.75140   2.60629   0.26170 1.63014 0.59999 10457
 LH_458 0.32580 0.87180   0.89379   0.27282 1.06216 1.67133 10458
 LH_459 0.35420 0.72020   1.27456   0.29978 0.67036 0.97063 10459
 LH_460 0.23700 0.62020   0.70417   2.70195 0.63596 1.13682 10460
 LH_461 0.34540 0.84100   0.27816   1.12194 0.80832 1.31859 10461
 LH_462 0.20300 0.74100   0.52778   3.18215 1.28432 1.23200 10462
 LH_463 0.16620 0.69580   0.81113   0.43952 1.09354 1.06955 10463
 LH_464 0.17180 0.72740   0.83625   2.79336 1.13524 1.29146 10464
 LH_465 0.44660 0.78020   3.10372   1.23285 1.17040 0.84265 10465
 LH_466 0.35020 0.78060   1.29594   1.16959 1.73748 1.44293 10466
 LH_467 0.13220 0.91620   1.33978   0.43467 0.99931 1.05922 10467
 LH_468 0.38420 0.97420   1.78757   0.79114 0.56920 0.69400 10468
 LH_469 0.15420 0.93420   2.26263   0.52486 0.58358 0.89440 10469
 LH_470 0.14500 0.77780   1.33237   0.30651 1.77399 0.88577 10470
 LH_471 0.16820 0.66300   0.65520   0.31513 1.35566 1.31130 10471
 LH_472 0.16140 0.64140   0.29895   3.39168 0.87115 1.30767 10472
 LH_473 0.34940 0.74780   0.26170   0.70417 0.55594 0.53108 10473
 LH_474 0.46340 0.96740   0.41581   1.57789 0.59255 0.64127 10474
 LH_475 0.27860 0.72860   2.47942   3.01049 0.68160 0.77862 10475
 LH_476 0.17380 0.77980   1.36983   0.52341 1.67830 0.56841 10476
 LH_477 0.41340 0.99580   2.77791   0.77378 1.25963 1.65519 10477
 LH_478 0.30820 0.95580   0.40332   0.27131 1.74957 0.62546 10478
 LH_479 0.18780 0.96780   3.18215   2.84810 1.22859 1.96020 10479
 LH_480 0.22140 0.95900   0.36098   0.58479 0.74794 0.79278 10480
 LH_481 0.46740 0.68860   0.58805   1.70527 0.97874 0.75315 10481
 LH_482 0.35740 0.84500   2.08204   0.95000 0.70564 1.58777 10482
 LH_483 0.22820 0.81620   0.78676   1.19251 1.46104 0.96393 10483
 LH_484 0.21620 0.82260   0.56097   0.41697 0.63420 1.26488 10484
 LH_485 0.24100 0.82620   0.28678   1.01255 0.54905 0.56448 10485
 LH_486 0.23740 0.99260   1.92652   1.11884 0.74691 1.35379 10486
 LH_487 0.14660 0.61380   0.29240   0.93692 0.89938 0.67971 10487
 LH_488 0.33020 0.96220   0.28917   0.39998 1.12584 1.64604 10488
 LH_489 0.26340 0.85820   0.94213   3.20872 0.62028 1.44093 10489
 LH_490 0.29060 0.84620   1.26400   2.15248 0.53182 0.80832 10490
 LH_491 0.27900 0.87980   0.74432   3.28980 1.12896 0.66113 10491
 LH_492 0.21860 0.68660   1.53050   1.86348 0.75944 1.78139 10492
 LH_493 0.17780 0.79660   2.84021   0.31864 0.96527 0.75733 10493
 LH_494 0.40860 0.75820   2.48630   0.80441 1.40542 1.59218 10494
 LH_495 0.47420 0.77540   0.72799   2.29421 0.65565 1.69937 10495
 LH_496 0.19340 0.90460   1.29235   0.39012 0.76049 1.44693 10496
 LH_497 0.22700 0.94980   1.13761   1.11574 0.70956 1.37268 10497
 LH_498 0.26100 0.71580   0.95528   0.50768 1.87774 1.00486 10498
 LH_499 0.31660 0.90060   1.38896   0.28283 0.91193 1.09505 10499
 LH_500 0.37700 0.66420   0.86934   0.99309 1.65290 1.63694 10500
 LH_501 0.29900 0.79540   3.62505   0.61985 0.83683 0.99931 10501
 LH_502 0.36860 0.93100   0.25667   1.67249 0.59419 1.60547 10502
 LH_503 0.27540 0.76060   3.37292   2.89588 1.96020 1.22010 10503
 LH_504 0.12580 0.93700   1.84293   3.85305 1.26138 0.61857 10504
 LH_505 0.21300 0.74500   0.80664   2.07053 0.97468 0.79719 10505
 LH_506 0.28940 0.86540   0.37010   0.28917 0.52595 1.53794 10506
 LH_507 0.26020 0.96540   1.03814   0.65157 0.80608 0.77111 10507
 LH_508 0.26060 0.68980   0.40556   0.73204 1.94936 0.68066 10508
 LH_509 0.41740 0.76980   0.30229   0.25455 0.60332 1.24574 10509
 LH_510 0.42860 0.88220   2.75490   2.74727 0.76260 0.54753 10510
 LH_511 0.36740 0.72820   2.92006   2.07628 1.28610 1.11961 10511
 LH_512 0.16020 0.81300   0.54715   1.78757 0.91067 1.48761 10512
 LH_513 0.35860 0.97300   0.33962   1.42800 1.61664 1.13997 10513
 LH_514 0.36100 0.95020   1.41225   0.54715 0.52304 1.36699 10514
 LH_515 0.48140 0.81580   0.37113   0.53663 0.97603 1.38992 10515
 LH_516 0.19100 0.86420   0.27206   1.20916 1.40347 1.98206 10516
 LH_517 0.32860 0.74300   0.41351   2.69447 1.10420 0.51799 10517
 LH_518 0.39500 0.91820   0.75471   3.07801 0.72247 0.80944 10518
 LH_519 0.27140 0.75300   3.46775   1.15669 0.56605 1.18017 10519
 LH_520 0.15180 0.73860   1.68179   1.05555 0.78295 0.56920 10520
 LH_521 0.19700 0.73780   1.42800   0.37010 0.92083 0.61515 10521
 LH_522 0.14300 0.65260   0.29648   2.34567 0.87357 1.29864 10522
 LH_523 0.13180 0.71860   0.69064   2.54912 0.70076 0.53403 10523
 LH_524 0.29700 0.95300   1.56482   1.34723 1.21841 0.86634 10524
 LH_525 0.20180 0.74620   0.37527   0.56566 0.68825 0.66757 10525
 LH_526 0.39260 0.75100   1.32501   3.44857 0.86035 1.94666 10526
 LH_527 0.29500 0.87420   3.59502   0.33217 0.99103 1.11188 10527
 LH_528 0.21060 0.96020   3.29893   0.93952 1.35379 0.67222 10528
 LH_529 0.48660 0.95860   0.39887   1.14393 1.53794 0.68539 10529
 LH_530 0.31980 0.83500   1.20247   1.17283 0.92723 1.23713 10530
 LH_531 0.49100 0.74380   1.15669   2.40494 1.60547 0.93239 10531
 LH_532 0.28180 0.98620   0.79554   0.26981 0.59173 0.82302 10532
 LH_533 0.18620 0.71260   0.63552   0.40109 0.95330 0.59915 10533
 LH_534 0.29340 0.65980   0.63376   0.59296 1.60993 1.68063 10534
 LH_535 0.14980 0.98180   1.10650   0.27206 0.58764 1.28967 10535
 LH_536 0.10300 0.89540   0.31338   3.35427 0.55748 0.66573 10536
 LH_537 0.32020 0.89420   1.45196   3.81055 1.59438 0.69016 10537
 LH_538 0.16540 0.63060   0.32760   0.60458 1.16393 1.31312 10538
 LH_539 0.39020 0.91900   2.42503   0.40895 1.82893 0.65656 10539
 LH_540 0.42900 0.73940   0.27131   2.94445 1.34817 0.68160 10540
 LH_541 0.11260 0.64340   1.24315   2.35218 0.58277 1.01889 10541
 LH_542 0.42220 0.95140   0.38369   3.48703 1.27368 1.10880 10542
 LH_543 0.37500 0.65780   2.73208   0.36602 0.83915 0.58277 10543
 LH_544 0.28460 0.68180   3.93947   3.91768 0.77539 1.55941 10544
 LH_545 0.34060 0.76820   0.35899   0.37631 1.07848 0.55210 10545
 LH_546 0.33100 0.71020   1.95884   0.69064 1.54435 0.82531 10546
 LH_547 0.47100 0.61780   0.29321   0.35209 1.74473 0.88209 10547
 LH_548 0.31860 0.67980   2.88786   1.35849 0.64127 1.35566 10548
 LH_549 0.37820 0.73300   2.02511   1.17936 1.04464 0.95860 10549
 LH_550 0.26180 0.81820   1.17283   2.20687 0.79499 0.50804 10550
 LH_551 0.42620 0.98260   1.75808   2.33270 0.75210 0.70271 10551
 LH_552 0.32340 0.62660   0.43709   0.50909 0.53034 0.53849 10552
 LH_553 0.13140 0.66620   1.59107   0.64797 0.63684 0.76154 10553
 LH_554 0.19540 0.70580   0.55787   0.59791 1.08598 1.42899 10554
 LH_555 0.12100 0.69740   0.43830   0.81338 0.93757 1.12117 10555
 LH_556 0.46220 0.90860   2.33270   0.45818 1.36320 0.63156 10556
 LH_557 0.42420 0.69180   0.32309   2.41831 0.69979 0.96126 10557
 LH_558 0.36260 0.82980   0.46716   2.23148 1.28076 1.45498 10558
 LH_559 0.26140 0.97100   1.68646   0.26243 1.97110 1.05482 10559
 LH_560 0.39140 0.75180   1.77769   0.59460 0.56370 0.50663 10560
 LH_561 0.23380 0.86260   1.86348   3.61501 0.92210 1.89605 10561
 LH_562 0.28900 0.95540   0.46587   3.09513 1.21672 1.43296 10562
 LH_563 0.47540 0.72540   3.88523   1.60882 0.85086 0.54450 10563
 LH_564 0.46820 0.72220   1.16635   3.21763 1.85703 0.66296 10564
 LH_565 0.23060 0.79900   0.34628   1.64947 0.68349 0.65838 10565
 LH_566 0.41980 0.87460   0.64797   1.61776 0.65838 0.93757 10566
 LH_567 0.15700 0.90180   2.92817   0.72397 0.62981 0.65747 10567
 LH_568 0.15340 0.60300   0.89627   1.76296 1.80375 0.78513 10568
 LH_569 0.23940 0.70660   1.45599   0.48700 1.56157 1.57462 10569
 LH_570 0.39820 0.82060   0.47632   2.46570 1.31677 1.37459 10570
 LH_571 0.31580 0.90820   2.87986   3.25352 1.23371 0.65112 10571
 LH_572 0.16340 0.70700   1.37745   0.44938 0.87965 0.54149 10572
 LH_573 0.32220 0.74140   0.51334   2.31338 1.29684 0.79830 10573
 LH_574 0.13460 0.72500   2.82451   0.62330 1.30586 1.15109 10574
 LH_575 0.30420 0.90260   1.60436   0.41581 0.82645 1.45297 10575
 LH_576 0.39780 0.93620   0.82017   1.82260 0.68729 1.83147 10576
 LH_577 0.29260 0.87700   0.44074   2.37841 1.12272 1.97110 10577
 LH_578 0.14100 0.67300   2.20076   0.41812 1.91986 0.55363 10578
 LH_579 0.18380 0.66180   0.25174   0.98487 1.36699 0.78295 10579
 LH_580 0.20220 0.63460   1.07326   0.82932 1.64376 0.52741 10580
 LH_581 0.28580 0.85980   1.99170   0.28598 0.78622 0.81282 10581
 LH_582 0.49980 0.78420   1.04972   3.12098 1.01045 1.02740 10582
 LH_583 0.11420 0.69940   1.82766   3.68586 0.64752 1.66671 10583
 LH_584 0.27620 0.99100   1.12818   3.16455 0.88577 1.25266 10584
 LH_585 0.45380 0.73460   1.57352   0.42750 1.36131 1.76174 10585
 LH_586 0.22500 0.83380   1.67714   1.81756 1.46917 0.72749 10586
 LH_587 0.38180 0.69020   0.33495   0.62851 1.04754 1.57899 10587
 LH_588 0.21020 0.61340   0.80218   0.49655 1.28967 0.51086 10588
 LH_589 0.36300 0.79380   0.61132   3.50642 1.91454 0.50945 10589
 LH_590 0.25660 0.73340   0.49655   0.43347 0.76791 0.61685 10590
 LH_591 0.43460 0.64100   1.93187   0.54412 1.71119 0.51441 10591
 LH_592 0.28700 0.90660   0.73611   3.04407 0.55287 0.52668 10592
 LH_593 0.30380 0.97380   0.33681   0.48971 1.18674 0.65565 10593
 LH_594 0.49500 0.97500   1.06733   0.75891 1.45297 1.72788 10594
 LH_595 0.28980 0.60100   1.08824   0.49107 0.67971 1.08900 10595
 LH_596 0.40540 0.83340   1.83783   0.78895 0.83799 0.87478 10596
 LH_597 0.38260 0.69220   0.56253   0.88393 0.59750 1.45700 10597
 LH_598 0.39300 0.94460   0.52051   1.96428 0.96795 1.73027 10598
 LH_599 0.28860 0.96820   3.68586   1.14076 0.67502 0.58035 10599
 LH_600 0.29180 0.99820   1.51782   0.36400 1.10880 1.77399 10600
 LH_601 0.29020 0.94220   0.93174   1.09733 0.50663 0.65203 10601
 LH_602 0.48460 0.99860   0.52196   0.74432 0.60921 0.80608 10602
 LH_603 0.44620 0.83620   0.81564   0.33588 1.08900 0.80385 10603
 LH_604 0.38740 0.89500   3.58507   0.66250 1.09809 1.32777 10604
 LH_605 0.23300 0.62500   1.01537   0.34436 1.13053 0.77004 10605
 LH_606 0.47580 0.63020   0.26536   3.42001 1.50420 1.87254 10606
 LH_607 0.41420 0.80140   1.31039   0.35404 0.83567 0.78079 10607
 LH_608 0.12380 0.76500   3.80000   0.98214 0.65930 1.85446 10608
 LH_609 0.25020 0.90940   0.48163   2.49320 1.04319 0.70076 10609
 LH_610 0.15380 0.67780   2.58471   0.78025 1.00208 1.91454 10610
 LH_611 0.37220 0.63500   0.67175   0.60123 0.91828 0.50523 10611
 LH_612 0.33740 0.88460   1.48865   2.68701 1.03455 1.77892 10612
 LH_613 0.29460 0.99020   0.36299   0.32942 0.75838 1.56591 10613
 LH_614 0.21100 0.95260   1.86865   0.90125 0.66850 1.68296 10614
 LH_615 0.33460 0.89900   0.26462   0.61472 0.54149 1.11034 10615
 LH_616 0.31460 0.93380   3.25352   3.95040 0.57714 1.07400 10616
 LH_617 0.31500 0.81900   0.91383   0.30313 1.44493 0.71947 10617
 LH_618 0.11460 0.66020   3.05252   2.36526 1.29146 0.99240 10618
 LH_619 0.38540 0.74220   0.40109   2.84021 1.47121 0.69592 10619
 LH_620 0.10900 0.82660   0.46846   0.34820 0.53552 0.92723 10620
 LH_621 0.26740 0.91940   2.96905   1.28877 0.50104 1.13524 10621
 LH_622 0.29660 0.91380   0.27509   1.63580 0.77970 1.41716 10622
 LH_623 0.11020 0.84980   3.74769   1.43993 1.29325 0.62894 10623
 LH_624 0.17580 0.89620   2.87189   0.37840 0.56448 1.09051 10624
 LH_625 0.23820 0.91980   2.53503   0.64618 1.52309 1.51887 10625
 LH_626 0.24300 0.89020   0.35111   0.68113 0.95860 1.72309 10626
 LH_627 0.11300 0.94620   1.35849   0.73611 1.49796 1.32225 10627
 LH_628 0.20740 0.64940   0.33402   0.38689 1.50838 0.95066 10628
 LH_629 0.34420 0.75700   1.99723   0.71997 1.02172 1.52732 10629
 LH_630 0.34780 0.76300   0.27056   0.38051 1.09505 0.53552 10630
 LH_631 0.48780 0.91540   2.57755   0.44196 1.80876 0.51656 10631
 LH_632 0.41580 0.96180   0.88638   0.53812 0.68066 0.52232 10632
 LH_633 0.46100 0.86860   1.04102   1.69584 0.95462 0.99654 10633
 LH_634 0.28140 0.88100   1.91057   0.78241 1.07252 0.60332 10634
 LH_635 0.41220 0.95780   1.59549   0.45946 0.52232 0.54981 10635
 LH_636 0.46660 0.96980   3.26255   1.89474 1.55941 0.82074 10636
 LH_637 0.11180 0.86780   3.61501   2.41162 0.57794 0.57316 10637
 LH_638 0.14220 0.76380   0.63905   0.46201 0.57955 0.69207 10638
 LH_639 0.18180 0.69260   0.74846   1.54328 0.88209 1.75930 10639
 LH_640 0.11620 0.71420   2.26891   3.55537 1.19665 0.77755 10640
 LH_641 0.33140 0.82700   0.88884   2.70945 0.84148 0.82188 10641
 LH_642 0.44860 0.75020   1.50943   1.99170 1.25266 1.34630 10642
 LH_643 0.11980 0.88940   2.59908   1.10038 1.81630 1.16070 10643
 LH_644 0.43020 0.98140   2.63536   2.77022 1.71356 1.01185 10644
 LH_645 0.37740 0.74980   1.34350   2.15846 0.88332 1.12896 10645
 LH_646 0.37540 0.88860   1.58667   0.71797 1.15749 0.51871 10646
 LH_647 0.44900 0.63180   1.46815   1.83274 1.07998 1.04319 10647
 LH_648 0.23900 0.90100   1.13446   3.45815 1.23713 1.36131 10648
 LH_649 0.30860 0.85100   1.19251   0.49792 1.17528 1.80375 10649
 LH_650 0.10540 0.80660   1.20581   1.68646 1.10114 0.73154 10650
 LH_651 0.21340 0.65940   3.72696   0.61132 0.55981 0.80274 10651
 LH_652 0.21980 0.81500   2.39164   0.55942 1.05775 0.50593 10652
 LH_653 0.38380 0.68140   1.13131   0.25525 1.05629 1.40932 10653
 LH_654 0.40820 0.60860   0.25384   0.67549 0.54224 0.52595 10654
 LH_655 0.17820 0.68740   3.28069   1.30677 0.51943 0.91320 10655
 LH_656 0.18220 0.94340   0.41237   0.56880 1.35191 0.86995 10656
 LH_657 0.13740 0.85620   0.40220   0.60963 1.22349 0.76260 10657
 LH_658 0.12140 0.66580   1.29954   2.38502 0.86874 0.85441 10658
 LH_659 0.33180 0.69380   1.21926   0.27433 0.93498 1.24747 10659
 LH_660 0.40060 0.80100   0.59625   0.75262 1.53368 1.07252 10660
 LH_661 0.10860 0.89940   0.60123   0.68873 0.66943 1.41128 10661
 LH_662 0.29980 0.79820   2.37841   3.65533 1.61888 0.90438 10662
 LH_663 0.15580 0.87380   1.75321   0.35799 0.63861 0.96527 10663
 LH_664 0.21660 0.70900   1.28165   0.55633 1.03168 0.50104 10664
 LH_665 0.24180 0.92060   1.28877   0.44442 0.95198 1.53581 10665
 LH_666 0.47780 0.74860   1.96428   2.17046 0.58035 0.86514 10666
 LH_667 0.38460 0.90500   3.42001   0.58317 0.61771 1.91720 10667
 LH_668 0.33260 0.60700   0.29730   3.01885 0.86155 1.42109 10668
 LH_669 0.42380 0.63660   0.93692   0.36198 0.54525 1.43893 10669
 LH_670 0.45060 0.62300   0.51907   0.30566 1.38415 0.86754 10670
 LH_671 0.22540 0.72660   0.39998   1.12818 0.77218 0.93498 10671
 LH_672 0.38140 0.96060   0.96594   0.36501 1.43098 0.82760 10672
 LH_673 0.36580 0.99180   0.38156   0.41009 1.88818 0.64394 10673
 LH_674 0.31100 0.63900   2.70945   0.35111 0.77647 0.55594 10674
 LH_675 0.12700 0.65740   0.53514   0.41237 1.05336 1.04030 10675
 LH_676 0.30500 0.82940   3.47738   0.33309 0.74587 1.54649 10676
 LH_677 0.46140 0.75620   2.61353   0.68302 1.02456 0.89069 10677
 LH_678 0.48020 0.76460   1.87905   3.71664 1.26839 1.50629 10678
 LH_679 0.44300 0.65860   0.34056   0.42632 1.91720 0.89565 10679
 LH_680 0.43300 0.72140   1.07029   0.74639 0.54601 0.91700 10680
 LH_681 0.27420 0.89380   3.20872   0.74226 1.10267 1.75200 10681
 LH_682 0.10220 0.99660   0.47897   1.85832 1.03025 1.38607 10682
 LH_683 0.41140 0.74260   1.77276   1.04102 1.38032 1.04608 10683
 LH_684 0.17620 0.87780   3.69609   1.50108 1.21335 0.68729 10684
 LH_685 0.41100 0.82540   0.54111   0.56253 1.83910 1.70645 10685
 LH_686 0.12500 0.65460   2.05908   3.88523 1.65979 1.47121 10686
 LH_687 0.22460 0.79620   0.95000   2.55620 1.95748 1.77645 10687
 LH_688 0.36660 0.79260   0.81338   0.53961 1.30949 0.94148 10688
 LH_689 0.10340 0.86020   1.18591   0.32130 0.59915 0.72146 10689
 LH_690 0.31380 0.92700   2.33918   0.26462 1.88035 1.28254 10690
 LH_691 0.46580 0.64020   0.30145   1.03814 0.79609 1.48968 10691
 LH_692 0.41180 0.83300   0.48297   0.44074 1.81127 0.51157 10692
 LH_693 0.10420 0.64180   0.27282   1.33607 0.80163 1.25093 10693
 LH_694 0.14580 0.98020   2.90392   0.76950 1.16716 0.72447 10694
 LH_695 0.24540 0.99420   0.58156   3.92856 1.85446 1.81630 10695
 LH_696 0.18540 0.98940   1.32134   0.35998 0.56292 0.76049 10696
 LH_697 0.41820 0.64820   1.50108   0.25384 1.65749 1.22179 10697
 LH_698 0.45900 0.93020   1.57789   0.97131 1.37268 0.51584 10698
 LH_699 0.33660 0.79220   0.87661   1.45599 1.90396 0.69496 10699
 LH_700 0.10980 0.66260   2.47255   0.44319 1.63694 0.59750 10700
 LH_701 0.23460 0.80940   1.55186   1.87905 0.80497 1.92519 10701
 LH_702 0.15020 0.65100   0.45565   0.60626 0.51871 0.54601 10702
 LH_703 0.34460 0.77380   0.57674   2.93630 0.53403 1.09354 10703
 LH_704 0.38660 0.79460   0.48431   0.29648 1.86477 1.04464 10704
 LH_705 0.12980 0.77660   0.50069   3.87447 0.51584 1.60770 10705
 LH_706 0.24580 0.62860   0.48565   0.70028 0.67783 1.36888 10706
 LH_707 0.41620 0.87260   1.10957   0.76313 1.44293 1.45095 10707
 LH_708 0.48620 0.77860   0.27739   0.38582 0.80051 1.16231 10708
 LH_709 0.24260 0.98700   3.02723   0.67362 0.72749 1.19168 10709
 LH_710 0.13420 0.96140   2.43851   1.13446 0.95993 1.74231 10710
 LH_711 0.12020 0.70420   2.25012   0.97671 0.65203 1.53156 10711
 LH_712 0.47740 0.76940   2.20687   0.32219 0.93627 0.75838 10712
 LH_713 0.10940 0.87660   2.77022   3.14705 0.95727 0.69979 10713
 LH_714 0.20860 0.62780   3.64521   0.95528 1.83147 1.35943 10714
 LH_715 0.25620 0.96420   0.66619   1.38127 0.57157 1.84933 10715
 LH_716 0.22260 0.69620   0.35306   0.47107 1.82387 0.79388 10716
 LH_717 0.39100 0.78860   0.61985   0.91891 1.95206 1.50212 10717
 LH_718 0.28260 0.96700   1.79253   3.77899 0.87236 0.67315 10718
 LH_719 0.35620 0.95060   2.15846   2.43851 1.39378 0.58845 10719
 LH_720 0.29540 0.60380   2.31980   1.03526 1.20330 1.38799 10720
 LH_721 0.12420 0.81940   0.25882   0.64439 1.79378 1.02456 10721
 LH_722 0.46700 0.91060   1.69114   0.39667 1.00486 0.55748 10722
 LH_723 0.24860 0.81460   1.14711   3.43903 0.73560 1.00347 10723
 LH_724 0.15740 0.98660   0.43227   2.04769 0.52087 0.74587 10724
 LH_725 0.10260 0.94180   1.09126   0.36098 1.34443 1.03311 10725
 LH_726 0.19420 0.78380   0.50488   0.42279 0.59584 0.99792 10726
 LH_727 0.43140 0.71140   0.34246   1.00139 1.39959 1.35004 10727
 LH_728 0.14700 0.61220   0.39447   0.33125 0.50383 0.74381 10728
 LH_729 0.33340 0.72700   1.81756   1.20247 1.63241 1.76663 10729
 LH_730 0.49060 0.64380   2.73967   0.49517 0.50313 0.85916 10730
 LH_731 0.15620 0.79780   2.17648   2.92817 1.49174 1.86477 10731
 LH_732 0.10140 0.84460   1.85318   0.47897 0.64932 1.11651 10732
 LH_733 0.24460 0.73220   0.34151   1.49692 0.56136 1.41912 10733
 LH_734 0.44140 0.74180   3.92856   0.74021 1.59218 1.18181 10734
 LH_735 0.47380 0.63940   1.94261   1.75808 1.26313 1.55079 10735
 LH_736 0.28060 0.89140   0.33217   1.27810 0.89317 1.27721 10736
 LH_737 0.35460 0.71740   1.43594   0.41928 1.20832 0.97198 10737
 LH_738 0.38940 0.64420   2.00834   1.15349 0.79719 1.84165 10738
 LH_739 0.13860 0.73020   1.64490   2.45207 1.97657 1.14472 10739
 LH_740 0.14740 0.93300   0.90375   0.70222 0.64038 1.08598 10740
 LH_741 0.15500 0.73580   0.26243   0.42396 0.74484 1.63014 10741
 LH_742 0.40620 0.97820   1.15029   1.71951 0.55671 0.79609 10742
 LH_743 0.33900 0.97180   0.33774   0.65884 0.50804 1.17040 10743
 LH_744 0.11500 0.83980   2.49320   2.25012 0.67689 0.99378 10744
 LH_745 0.20020 0.91020   0.36806   1.84293 0.71351 1.58118 10745
 LH_746 0.32460 0.80580   0.28361   0.97942 0.71549 0.95462 10746
 LH_747 0.31020 0.98980   0.40669   3.83174 1.03598 0.90313 10747
 LH_748 0.22420 0.66780   2.30058   2.30058 0.82074 1.15589 10748
 LH_749 0.42300 0.96260   1.76296   0.75054 0.59502 0.91955 10749
 LH_750 0.21740 0.60500   0.57834   3.26255 1.35943 0.92338 10750
 LH_751 0.38860 0.98780   0.37216   1.04681 0.69882 0.69786 10751
 LH_752 0.18940 0.82740   3.36359   0.43107 0.98829 1.51677 10752
 LH_753 0.28780 0.64980   0.51620   1.25353 0.71252 0.87115 10753
 LH_754 0.29780 0.91420   1.64947   1.44794 0.50174 0.81507 10754
 LH_755 0.22340 0.78620   2.09362   1.25701 1.84676 1.83655 10755
 LH_756 0.48220 0.97060   2.37183   3.11234 0.52814 1.18345 10756
 LH_757 0.45180 0.98860   1.54328   3.41054 0.56762 0.68444 10757
 LH_758 0.38700 0.77900   3.12965   0.85500 1.80125 0.66665 10758
 LH_759 0.38020 0.72940   0.34341   1.25006 1.78881 0.66388 10759
 LH_760 0.17140 0.83540   0.68302   0.73408 0.88700 0.56292 10760
 LH_761 0.36540 0.88340   3.03564   0.30821 1.48144 0.67783 10761
 LH_762 0.32100 0.82420   0.94737   3.76853 0.72548 0.84031 10762
 LH_763 0.41540 0.80420   1.05848   1.33978 1.11342 1.14949 10763
 LH_764 0.17700 0.74420   0.43107   3.93947 1.32042 0.66021 10764
 LH_765 0.44460 0.64900   0.28837   1.33237 0.70368 1.46510 10765
 LH_766 0.43260 0.60260   3.82113   1.35472 0.96661 0.94671 10766
 LH_767 0.41060 0.62100   0.55172   0.39887 0.50945 1.05044 10767
 LH_768 0.39900 0.73380   1.46409   3.57514 1.08298 1.91189 10768
 LH_769 0.35580 0.97260   1.30315   0.48163 0.69303 1.03598 10769
 LH_770 0.27300 0.99460   0.87176   1.02385 0.86514 1.73748 10770
 LH_771 0.10780 0.94900   2.66475   0.90626 0.79388 1.46104 10771
 LH_772 0.34300 0.79020   1.15349   3.89602 0.82874 1.63241 10772
 LH_773 0.10620 0.62340   2.34567   2.53503 1.94127 1.41519 10773
 LH_774 0.28340 0.71900   1.63580   2.54206 1.44093 1.81882 10774
 LH_775 0.11140 0.77180   0.98214   2.87189 1.55294 0.59009 10775
 LH_776 0.39620 0.86380   2.25636   0.66989 1.45902 1.02314 10776
 LH_777 0.13580 0.87900   2.06480   1.79751 0.75733 0.59584 10777
 LH_778 0.42660 0.62140   3.12098   3.30809 1.66209 0.85797 10778
 LH_779 0.40940 0.81420   1.35097   0.84792 0.56999 1.28610 10779
 LH_780 0.49780 0.89460   1.25353   1.93724 0.92338 1.12740 10780
 LH_781 0.19380 0.84300   2.11111   0.39338 1.60770 0.98692 10781
 LH_782 0.27580 0.75340   0.85976   0.51051 1.22519 1.96292 10782
 LH_783 0.39860 0.63780   2.54206   0.69834 0.84851 1.20664 10783
 LH_784 0.28540 0.85340   1.14393   3.70635 1.24920 1.52309 10784
 LH_785 0.36900 0.78500   1.17609   2.52801 1.58337 0.93368 10785
 LH_786 0.34580 0.73900   2.19466   1.62676 0.98555 0.52159 10786
 LH_787 0.23180 0.76260   0.92916   1.53901 1.64604 1.55725 10787
 LH_788 0.23420 0.84860   1.97520   2.65737 0.62373 0.78840 10788
 LH_789 0.44940 0.78460   0.36704   0.64977 1.19003 1.58557 10789
 LH_790 0.15940 0.85380   0.41812   1.05848 1.14472 0.58358 10790
 LH_791 0.32660 0.89780   2.08782   0.94213 0.59337 0.75210 10791
 LH_792 0.32980 0.62420   2.94445   0.80218 1.67597 0.65293 10792
 LH_793 0.24060 0.61020   3.14705   0.43588 0.68255 1.03455 10793
 LH_794 0.14460 0.83700   0.91637   1.43594 1.41912 1.10726 10794
 LH_795 0.10100 0.66220   0.82473   0.85263 0.71648 1.67597 10795
 LH_796 0.30260 0.90020   1.40056   2.33918 0.85797 1.24920 10796
 LH_797 0.19660 0.82140   2.28153   3.37292 0.75628 1.00069 10797
 LH_798 0.44500 0.89980   0.33309   2.14652 1.06069 0.90815 10798
 LH_799 0.18100 0.85300   0.63200   2.62079 1.76418 0.69112 10799
 LH_800 0.10700 0.95380   0.76737   0.40556 0.64842 1.19831 10800
 LH_801 0.30540 0.91860   2.70195   0.80664 0.79059 0.56605 10801
 LH_802 0.15460 0.72340   0.75262   3.96137 1.70173 0.60921 10802
 LH_803 0.40660 0.86100   0.87904   1.65864 0.85204 1.88035 10803
 LH_804 0.15780 0.90220   0.34436   1.49278 0.59999 0.82874 10804
 LH_805 0.10180 0.84060   1.61328   3.73731 0.59091 1.03168 10805
 LH_806 0.12300 0.89060   1.98069   3.63511 0.69496 0.53924 10806
 LH_807 0.39700 0.78260   0.64082   1.91587 1.44693 0.78949 10807
 LH_808 0.44580 0.66740   1.52626   2.16445 1.57243 0.63949 10808
 LH_809 0.20820 0.82500   1.09429   0.52196 1.38607 0.73867 10809
 LH_810 0.34100 0.67740   0.32219   1.15990 0.94409 0.64662 10810
 LH_811 0.10740 0.87820   2.57041   0.66619 1.88296 1.14631 10811
 LH_812 0.29220 0.66500   0.83162   0.27586 0.72648 1.22349 10812
 LH_813 0.19020 0.69100   1.05555   0.26098 0.52741 1.55509 10813
 LH_814 0.18140 0.71980   3.08656   3.90683 1.01748 1.66902 10814
 LH_815 0.41940 0.69420   0.54867   0.50628 1.05190 0.86035 10815
 LH_816 0.18660 0.65660   0.79996   2.47255 1.04608 0.70174 10816
 LH_817 0.43700 0.73420   0.25953   3.47738 0.62201 0.88454 10817
 LH_818 0.18860 0.73820   2.21914   2.03637 0.61685 1.40542 10818
 LH_819 0.16300 0.67460   0.47500   0.34628 1.40153 0.50874 10819
 LH_820 0.23660 0.68580   0.84792   0.47764 1.85961 0.81394 10820
 LH_821 0.32380 0.96860   1.62225   0.28440 1.13210 0.57875 10821
 LH_822 0.23580 0.92740   1.23285   0.26026 1.09202 0.98829 10822
 LH_823 0.14380 0.80860   0.32851   0.35700 1.04030 0.74898 10823
 LH_824 0.43860 0.80220   0.41697   1.07923 1.89868 1.54864 10824
 LH_825 0.49420 0.91260   3.78948   1.08222 1.63921 1.05775 10825
 LH_826 0.31340 0.89300   1.11265   1.16635 1.68296 1.82387 10826
 LH_827 0.19260 0.74740   3.96137   1.70055 0.66388 0.73357 10827
 LH_828 0.45580 0.99500   3.06949   3.08656 1.54007 1.08749 10828
 LH_829 0.49700 0.68220   0.38475   3.72696 1.01466 0.59502 10829
 LH_830 0.11100 0.67340   0.63025   1.50525 0.57875 1.13053 10830
 LH_831 0.44700 0.92620   0.55019   2.83235 0.73052 1.72071 10831
 LH_832 0.14900 0.63260   3.33572   2.35871 1.69702 0.91447 10832
 LH_833 0.27180 0.93580   1.36604   0.30397 0.55057 1.52520 10833
 LH_834 0.48420 0.97900   0.72598   0.67736 1.41519 0.98966 10834
 LH_835 0.43540 0.61980   3.70635   2.02511 0.90313 1.68763 10835
 LH_836 0.15140 0.80380   0.50909   1.51782 1.81882 1.72548 10836
 LH_837 0.20620 0.84140   3.86375   0.29730 1.61217 0.62981 10837
 LH_838 0.43500 0.65700   0.38904   2.76255 1.20664 0.81057 10838
 LH_839 0.11780 0.70020   1.72907   3.29893 1.11034 1.17691 10839
 LH_840 0.40460 0.64540   2.12285   2.62806 1.03742 0.79499 10840
 LH_841 0.32260 0.81340   0.68492   2.60629 0.56683 0.62028 10841
 LH_842 0.35300 0.70380   1.62676   0.25104 1.47939 0.51299 10842
 LH_843 0.45940 0.97780   0.69834   2.27521 0.69689 0.80497 10843
 LH_844 0.28820 0.83780   0.36908   2.95263 1.90660 1.70173 10844
 LH_845 0.33540 0.90620   1.46003   1.55617 0.88454 0.62287 10845
 LH_846 0.48380 0.83740   0.37736   1.71000 0.66021 0.84968 10846
 LH_847 0.29420 0.66100   1.63127   0.55019 1.00626 0.75002 10847
 LH_848 0.12740 0.94060   0.80441   0.95794 1.24401 1.67365 10848
 LH_849 0.21580 0.80620   1.31403   0.93174 0.80274 0.92980 10849
 LH_850 0.48300 0.70100   1.73869   1.65405 1.49589 1.66209 10850
 LH_851 0.16780 0.80180   0.95794   0.99585 0.95066 1.00208 10851
 LH_852 0.13820 0.83820   0.68873   0.31338 1.65519 1.99861 10852
 LH_853 0.44740 0.66060   2.50012   0.51477 1.14155 0.68634 10853
 LH_854 0.46300 0.63700   2.96083   1.40444 1.05482 0.52304 10854
 LH_855 0.40420 0.83180   0.64260   1.94261 1.13682 0.71747 10855
 LH_856 0.33580 0.71460   0.26609   0.71598 0.52961 1.26839 10856
 LH_857 0.47820 0.76020   2.29421   0.29566 1.75930 0.63069 10857
 LH_858 0.44060 0.91580   0.27971   0.27662 1.79876 0.86274 10858
 LH_859 0.37380 0.61500   1.37364   1.06142 1.09962 1.29504 10859
 LH_860 0.46380 0.81260   2.17046   1.50943 0.91573 1.91986 10860
 LH_861 0.30700 0.69500   1.82260   0.40669 1.59881 1.47529 10861
 LH_862 0.25820 0.82580   0.52632   0.77809 1.78139 0.57395 10862
 LH_863 0.27100 0.90900   1.04391   2.08782 0.99516 0.69882 10863
 LH_864 0.38500 0.95940   0.55478   2.11111 1.35754 1.48555 10864
 LH_865 0.16580 0.70140   2.45207   0.28837 0.77004 0.56527 10865
 LH_866 0.24020 0.69860   0.55633   0.49243 0.57554 0.68920 10866
 LH_867 0.45500 0.67260   0.90125   3.82113 0.94540 1.09809 10867
 LH_868 0.48900 0.69540   2.89588   0.26609 1.73267 1.52944 10868
 LH_869 0.48940 0.93140   3.71664   0.84323 1.79626 1.94127 10869
 LH_870 0.35780 0.94260   2.71697   0.45565 0.78840 0.73255 10870
 LH_871 0.22900 0.73260   0.59957   1.36604 0.92595 0.63861 10871
 LH_872 0.13060 0.95100   0.95264   0.36299 0.78513 1.21504 10872
 LH_873 0.30140 0.76620   3.56524   0.31952 0.85916 1.85189 10873
 LH_874 0.12460 0.77620   2.35871   1.37364 1.06659 1.79626 10874
 LH_875 0.43740 0.78900   2.72452   1.00417 0.97198 0.65384 10875
 LH_876 0.48180 0.94580   1.71951   1.11265 0.75419 0.51015 10876
 LH_877 0.15300 0.65540   1.91587   0.29813 1.47529 1.94936 10877
 LH_878 0.42540 0.73060   0.97671   0.25314 1.83655 0.58439 10878
 LH_879 0.21780 0.61860   0.62330   2.01391 0.71055 0.75106 10879
 LH_880 0.30100 0.77940   0.71203   0.25882 0.51015 1.95748 10880
 LH_881 0.11340 0.61060   0.62503   2.59188 1.18345 0.62114 10881
 LH_882 0.12340 0.76540   0.56566   0.57515 1.69937 1.56157 10882
 LH_883 0.37060 0.80500   2.95263   0.29159 0.86394 0.79059 10883
 LH_884 0.45260 0.87220   1.22603   1.08523 1.74231 0.55517 10884
 LH_885 0.47660 0.67140   2.14058   0.52924 0.64573 1.86736 10885
 LH_886 0.35980 0.93180   1.09733   0.92402 1.76174 0.74278 10886
 LH_887 0.30340 0.78700   0.25525   0.25810 1.54864 0.56214 10887
 LH_888 0.43380 0.91220   0.62851   3.19098 0.90438 0.71450 10888
 LH_889 0.45420 0.88020   0.59791   0.38797 0.65474 0.71549 10889
 LH_890 0.32060 0.64780   3.54553   0.29078 0.86274 1.83401 10890
 LH_891 0.35140 0.60220   0.70222   3.31728 0.74381 1.08298 10891
 LH_892 0.20900 0.64860   0.42514   0.68492 0.59832 0.70760 10892
 LH_893 0.37940 0.62740   0.91891   2.12874 0.51441 0.70858 10893
 LH_894 0.33220 0.93780   1.53475   3.05252 1.62563 1.73267 10894
 LH_895 0.40700 0.76420   2.67215   0.79554 0.58439 1.16716 10895
 LH_896 0.23860 0.98540   0.54563   0.76102 1.20999 1.57680 10896
 LH_897 0.20100 0.84380   0.39777   1.29235 1.27899 0.83105 10897
 LH_898 0.17740 0.67580   0.64439   0.77593 0.80385 0.80163 10898
 LH_899 0.11940 0.60340   1.70055   0.42162 0.90941 0.86874 10899
 LH_900 0.14260 0.80900   0.85500   1.10650 1.01889 0.87965 10900
 LH_901 0.22020 0.62900   2.68701   0.25596 1.06363 0.72951 10901
 LH_902 0.16460 0.83260   0.37423   0.26906 0.55826 1.24057 10902
 LH_903 0.42100 0.75500   0.46329   3.19984 0.52015 0.82645 10903
 LH_904 0.45980 0.67180   0.99585   2.00834 0.72046 1.53368 10904
 LH_905 0.39220 0.96500   0.42396   0.32041 1.40932 0.68349 10905
 LH_906 0.27940 0.92780   2.07628   1.40834 0.84733 1.32593 10906
 LH_907 0.32500 0.77300   0.48835   1.69114 0.77325 1.00765 10907
 LH_908 0.49660 0.83660   0.87418   0.35014 0.77111 0.89938 10908
 LH_909 0.34820 0.99340   3.01885   0.39229 1.58777 0.72046 10909
 LH_910 0.25780 0.92980   1.85832   2.05338 1.50004 0.55440 10910
 LH_911 0.19860 0.63860   2.41162   2.87986 0.84031 0.59419 10911
 LH_912 0.31220 0.75380   0.32041   0.90878 0.62807 1.75686 10912
 LH_913 0.46780 0.87740   1.74836   1.10957 1.53581 1.70409 10913
 LH_914 0.34260 0.93540   0.29159   3.33572 0.73969 0.87357 10914
 LH_915 0.13900 0.74540   0.49931   0.39557 0.79278 1.01326 10915
 LH_916 0.43900 0.87540   1.74352   3.86375 0.60584 0.54374 10916
 LH_917 0.35260 0.94020   2.14652   1.48041 1.19168 1.03025 10917
 LH_918 0.41260 0.85580   0.99309   1.82766 1.03311 0.89193 10918
 LH_919 0.47300 0.75740   0.47107   1.76786 0.71450 1.65290 10919
 LH_920 0.14020 0.82860   0.77593   0.64260 0.54753 1.50838 10920
 LH_921 0.20340 0.95740   1.02101   1.58227 1.38223 0.92210 10921
 LH_922 0.17020 0.85500   2.41831   3.10372 1.40737 1.33515 10922
 LH_923 0.40020 0.72380   0.37631   0.59957 1.90924 0.74175 10923
 LH_924 0.49260 0.83420   1.56917   1.37745 1.57462 0.65930 10924
 LH_925 0.40580 0.96300   1.26751   3.75809 1.99585 0.77647 10925
 LH_926 0.19460 0.69780   0.50208   1.28521 0.61259 1.80125 10926
 LH_927 0.36980 0.78980   2.80889   0.34532 1.59660 1.32961 10927
 LH_928 0.38100 0.69900   1.11574   1.27103 1.05922 0.95198 10928
 LH_929 0.47460 0.62380   0.67736   1.62225 0.87600 1.00626 10929
 LH_930 0.22940 0.82900   0.26026   2.19466 1.15589 1.61664 10930
 LH_931 0.15220 0.89820   3.73731   0.83393 1.10573 1.87774 10931
 LH_932 0.24220 0.72460   0.39229   2.57755 0.69112 0.60082 10932
 LH_933 0.20700 0.63420   0.61814   0.38369 0.89440 0.94540 10933
 LH_934 0.17420 0.85420   2.65001   1.18263 1.72071 0.50453 10934
 LH_935 0.23020 0.74340   1.78262   0.34341 1.56374 1.15749 10935
 LH_936 0.32780 0.89700   0.43467   0.89131 0.60500 0.97333 10936
 LH_937 0.49180 0.75860   1.71000   0.37945 1.58557 1.59438 10937
 LH_938 0.16380 0.83100   0.42988   2.82451 0.68634 1.11342 10938
 LH_939 0.24500 0.95340   0.79114   2.86394 0.66573 0.72247 10939
 LH_940 0.11060 0.89100   2.84810   0.57355 0.53849 0.73560 10940
 LH_941 0.26660 0.82380   2.99385   0.81564 0.57316 1.28788 10941
 LH_942 0.46020 0.89260   3.75809   0.51763 1.17854 1.50420 10942
 LH_943 0.38340 0.91140   2.98556   1.04972 1.25788 1.99032 10943
 LH_944 0.24340 0.73980   0.82932   1.80250 0.85323 0.62201 10944
 LH_945 0.23500 0.92380   3.21763   0.45313 0.66296 1.37841 10945
 LH_946 0.11860 0.86580   1.18921   0.41123 0.70858 0.75628 10946
 LH_947 0.49580 0.91180   0.31165   2.99385 0.61942 1.10420 10947
 LH_948 0.11380 0.75980   1.22944   1.42405 1.55509 1.24229 10948
 LH_949 0.34900 0.73740   1.44794   0.85027 1.42306 1.39378 10949
 LH_950 0.39940 0.97940   0.92146   0.52051 1.32961 0.60836 10950
 LH_951 0.19500 0.80820   0.58317   1.92119 0.90689 0.75944 10951
 LH_952 0.29580 0.62620   0.49517   0.72799 0.80944 0.83567 10952
 LH_953 0.30180 0.68340   2.44528   0.40332 1.43495 1.62338 10953
 LH_954 0.39420 0.61620   2.74727   0.64082 0.98282 1.03886 10954
 LH_955 0.18460 0.82300   0.44442   1.53050 0.50874 1.07549 10955
 LH_956 0.30060 0.93260   0.92402   1.66786 1.30044 1.46917 10956
 LH_957 0.46260 0.71620   1.03240   3.28069 0.79169 0.84148 10957
 LH_958 0.37660 0.99980   0.27433   0.56097 0.97333 0.51727 10958
 LH_959 0.46980 0.63540   1.44393   2.97729 1.73508 0.53700 10959
 LH_960 0.39380 0.63580   3.35427   1.48865 1.90132 0.77218 10960
 LH_961 0.10500 0.84260   1.80751   2.42503 1.71832 0.64216 10961
 LH_962 0.27780 0.61740   0.58479   0.49380 1.47325 1.04899 10962
 LH_963 0.45300 0.62820   0.30651   0.28678 1.92786 0.50174 10963
 LH_964 0.16100 0.97540   2.01391   2.73208 1.98481 1.33330 10964
 LH_965 0.39540 0.96580   3.04407   0.33962 0.71153 1.89343 10965
 LH_966 0.45780 0.91100   3.11234   0.50069 0.97739 0.96661 10966
 LH_967 0.20580 0.70060   3.17334   0.27739 0.63332 0.72850 10967
 LH_968 0.48860 0.89660   0.65338   0.92659 1.71594 1.10267 10968
 LH_969 0.20780 0.92100   0.38051   0.46587 1.92519 1.83910 10969
 LH_970 0.18060 0.92180   0.33125   1.13761 0.69207 1.54007 10970
 LH_971 0.37140 0.60060   0.85263   1.77769 1.30767 1.27191 10971
 LH_972 0.14820 0.89860   1.66324   0.69255 1.81378 1.26313 10972
 LH_973 0.38060 0.83940   0.73816   0.65702 1.18838 1.12428 10973
 LH_974 0.20540 0.82020   0.54412   1.81252 1.66440 0.90563 10974
 LH_975 0.47940 0.77420   3.41054   1.31403 1.89080 1.80876 10975
 LH_976 0.25940 0.99700   0.78458   0.86214 0.55133 1.31494 10976
 LH_977 0.30020 0.93940   0.89131   0.91637 0.81734 0.64573 10977
 LH_978 0.48820 0.99540   0.26098   0.38156 1.23029 0.89689 10978
 LH_979 0.40220 0.80260   0.26316   1.52203 0.92466 1.48144 10979
 LH_980 0.47340 0.77260   0.29402   1.84805 1.32593 0.90188 10980
 LH_981 0.40100 0.77060   0.32669   3.62505 0.62114 1.65061 10981
 LH_982 0.34020 0.98900   0.70809   2.78562 1.58997 1.10573 10982
 LH_983 0.38580 0.60740   2.93630   0.25667 0.81282 0.68255 10983
 LH_984 0.13100 0.81740   3.43903   0.26389 0.87843 1.11497 10984
 LH_985 0.12220 0.86300   0.29484   1.85318 1.87254 1.92252 10985
 LH_986 0.42140 0.88900   0.32130   1.46409 1.99308 1.02598 10986
 LH_987 0.16700 0.60460   0.83857   1.01819 0.65656 1.36509 10987
 LH_988 0.20460 0.80980   3.50642   3.17334 0.55517 1.59881 10988
 LH_989 0.20260 0.81980   2.81669   2.51403 0.86634 0.96259 10989
 LH_990 0.26220 0.85060   1.19582   2.20076 1.68997 0.72548 10990
 LH_991 0.29820 0.94100   1.12506   0.55478 0.76154 0.50733 10991
 LH_992 0.23340 0.61540   0.76525   3.12965 0.79941 0.84733 10992
 LH_993 0.49740 0.84700   1.39668   3.23553 1.84165 1.20832 10993
 LH_994 0.46540 0.89180   0.97942   1.74352 1.00347 0.74072 10994
 LH_995 0.24620 0.71380   0.79775   0.71005 0.68444 1.49174 10995
 LH_996 0.47180 0.88380   0.82245   0.60290 0.52159 1.90660 10996
 LH_997 0.36700 0.99060   0.31079   2.50012 1.11806 0.62720 10997
 LH_998 0.39980 0.66940   0.78241   0.43709 0.86995 1.47734 10998
 LH_999 0.25140 0.86060   0.73002   1.13131 0.70466 1.07848 10999
1P_1_n5 0.10000 0.80000   1.00000   1.00000 1.00000 1.00000 67
1P_1_n4 0.14000 0.80000   1.00000   1.00000 1.00000 1.00000 67
1P_1_n3 0.18000 0.80000   1.00000   1.00000 1.00000 1.00000 67
1P_1_n2 0.22000 0.80000   1.00000   1.00000 1.00000 1.00000 67
1P_1_n1 0.26000 0.80000   1.00000   1.00000 1.00000 1.00000 67
 1P_1_1 0.34000 0.80000   1.00000   1.00000 1.00000 1.00000 67
 1P_1_2 0.38000 0.80000   1.00000   1.00000 1.00000 1.00000 67
 1P_1_3 0.42000 0.80000   1.00000   1.00000 1.00000 1.00000 67
 1P_1_4 0.46000 0.80000   1.00000   1.00000 1.00000 1.00000 67
 1P_1_5 0.50000 0.80000   1.00000   1.00000 1.00000 1.00000 67
1P_2_n5 0.30000 0.60000   1.00000   1.00000 1.00000 1.00000 67
1P_2_n4 0.30000 0.64000   1.00000   1.00000 1.00000 1.00000 67
1P_2_n3 0.30000 0.68000   1.00000   1.00000 1.00000 1.00000 67
1P_2_n2 0.30000 0.72000   1.00000   1.00000 1.00000 1.00000 67
1P_2_n1 0.30000 0.76000   1.00000   1.00000 1.00000 1.00000 67
 1P_2_1 0.30000 0.84000   1.00000   1.00000 1.00000 1.00000 67
 1P_2_2 0.30000 0.88000   1.00000   1.00000 1.00000 1.00000 67
 1P_2_3 0.30000 0.92000   1.00000   1.00000 1.00000 1.00000 67
 1P_2_4 0.30000 0.96000   1.00000   1.00000 1.00000 1.00000 67
 1P_2_5 0.30000 1.00000   1.00000   1.00000 1.00000 1.00000 67
1P_3_n5 0.30000 0.80000   0.25000   1.00000 1.00000 1.00000 67
1P_3_n4 0.30000 0.80000   0.32988   1.00000 1.00000 1.00000 67
1P_3_n3 0.30000 0.80000   0.43528   1.00000 1.00000 1.00000 67
1P_3_n2 0.30000 0.80000   0.57435   1.00000 1.00000 1.00000 67
1P_3_n1 0.30000 0.80000   0.75786   1.00000 1.00000 1.00000 67
 1P_3_1 0.30000 0.80000   1.31951   1.00000 1.00000 1.00000 67
 1P_3_2 0.30000 0.80000   1.74110   1.00000 1.00000 1.00000 67
 1P_3_3 0.30000 0.80000   2.29740   1.00000 1.00000 1.00000 67
 1P_3_4 0.30000 0.80000   3.03143   1.00000 1.00000 1.00000 67
 1P_3_5 0.30000 0.80000   4.00000   1.00000 1.00000 1.00000 67
1P_4_n5 0.30000 0.80000   1.00000   0.25000 1.00000 1.00000 67
1P_4_n4 0.30000 0.80000   1.00000   0.32988 1.00000 1.00000 67
1P_4_n3 0.30000 0.80000   1.00000   0.43528 1.00000 1.00000 67
1P_4_n2 0.30000 0.80000   1.00000   0.57435 1.00000 1.00000 67
1P_4_n1 0.30000 0.80000   1.00000   0.75786 1.00000 1.00000 67
 1P_4_1 0.30000 0.80000   1.00000   1.31951 1.00000 1.00000 67
 1P_4_2 0.30000 0.80000   1.00000   1.74110 1.00000 1.00000 67
 1P_4_3 0.30000 0.80000   1.00000   2.29740 1.00000 1.00000 67
 1P_4_4 0.30000 0.80000   1.00000   3.03143 1.00000 1.00000 67
 1P_4_5 0.30000 0.80000   1.00000   4.00000 1.00000 1.00000 67
1P_5_n5 0.30000 0.80000   1.00000   1.00000 0.50000 1.00000 67
1P_5_n4 0.30000 0.80000   1.00000   1.00000 0.57435 1.00000 67
1P_5_n3 0.30000 0.80000   1.00000   1.00000 0.65975 1.00000 67
1P_5_n2 0.30000 0.80000   1.00000   1.00000 0.75786 1.00000 67
1P_5_n1 0.30000 0.80000   1.00000   1.00000 0.87055 1.00000 67
 1P_5_1 0.30000 0.80000   1.00000   1.00000 1.14870 1.00000 67
 1P_5_2 0.30000 0.80000   1.00000   1.00000 1.31951 1.00000 67
 1P_5_3 0.30000 0.80000   1.00000   1.00000 1.51572 1.00000 67
 1P_5_4 0.30000 0.80000   1.00000   1.00000 1.74110 1.00000 67
 1P_5_5 0.30000 0.80000   1.00000   1.00000 2.00000 1.00000 67
1P_6_n5 0.30000 0.80000   1.00000   1.00000 1.00000 0.50000 67
1P_6_n4 0.30000 0.80000   1.00000   1.00000 1.00000 0.57435 67
1P_6_n3 0.30000 0.80000   1.00000   1.00000 1.00000 0.65975 67
1P_6_n2 0.30000 0.80000   1.00000   1.00000 1.00000 0.75786 67
1P_6_n1 0.30000 0.80000   1.00000   1.00000 1.00000 0.87055 67
 1P_6_1 0.30000 0.80000   1.00000   1.00000 1.00000 1.14870 67
 1P_6_2 0.30000 0.80000   1.00000   1.00000 1.00000 1.31951 67
 1P_6_3 0.30000 0.80000   1.00000   1.00000 1.00000 1.51572 67
 1P_6_4 0.30000 0.80000   1.00000   1.00000 1.00000 1.74110 67
 1P_6_5 0.30000 0.80000   1.00000   1.00000 1.00000 2.00000 67
   CV_0 0.30000 0.80000   1.00000   1.00000 1.00000 1.00000 1
   CV_1 0.30000 0.80000   1.00000   1.00000 1.00000 1.00000 2
   CV_2 0.30000 0.80000   1.00000   1.00000 1.00000 1.00000 3999666
   CV_3 0.30000 0.80000   1.00000   1.00000 1.00000 1.00000 4
   CV_4 0.30000 0.80000   1.00000   1.00000 1.00000 1.00000 5
   CV_5 0.30000 0.80000   1.00000   1.00000 1.00000 1.00000 6
   CV_6 0.30000 0.80000   1.00000   1.00000 1.00000 1.00000 7
   CV_7 0.30000 0.80000   1.00000   1.00000 1.00000 1.00000 8
   CV_8 0.30000 0.80000   1.00000   1.00000 1.00000 1.00000 9999666
   CV_9 0.30000 0.80000   1.00000   1.00000 1.00000 1.00000 10
  CV_10 0.30000 0.80000   1.00000   1.00000 1.00000 1.00000 11
  CV_11 0.30000 0.80000   1.00000   1.00000 1.00000 1.00000 12
  CV_12 0.30000 0.80000   1.00000   1.00000 1.00000 1.00000 13
  CV_13 0.30000 0.80000   1.00000   1.00000 1.00000 1.00000 14
  CV_14 0.30000 0.80000   1.00000   1.00000 1.00000 1.00000 15
  CV_15 0.30000 0.80000   1.00000   1.00000 1.00000 1.00000 16
  CV_16 0.30000 0.80000   1.00000   1.00000 1.00000 1.00000 17
  CV_17 0.30000 0.80000   1.00000   1.00000 1.00000 1.00000 18999666
  CV_18 0.30000 0.80000   1.00000   1.00000 1.00000 1.00000 19
  CV_19 0.30000 0.80000   1.00000   1.00000 1.00000 1.00000 20
  CV_20 0.30000 0.80000   1.00000   1.00000 1.00000 1.00000 21
  CV_21 0.30000 0.80000   1.00000   1.00000 1.00000 1.00000 22
  CV_22 0.30000 0.80000   1.00000   1.00000 1.00000 1.00000 23
  CV_23 0.30000 0.80000   1.00000   1.00000 1.00000 1.00000 24
  CV_24 0.30000 0.80000   1.00000   1.00000 1.00000 1.00000 25
  CV_25 0.30000 0.80000   1.00000   1.00000 1.00000 1.00000 26
  CV_26 0.30000 0.80000   1.00000   1.00000 1.00000 1.00000 27
