#Name  Omega_m  sigma_8  A_SN1     A_AGN1  A_SN2  A_AGN2  seed
   LH_0 0.30900 0.97900   3.11234   1.12194 0.66850 0.53182 0
   LH_1 0.30260 0.93940   3.42001   3.96137 1.03311 1.16070 1
   LH_2 0.42820 0.75300   0.70613   0.37423 1.96292 0.62720 2
   LH_3 0.19060 0.62860   1.60882   0.39887 0.86634 0.86634 3
   LH_4 0.13820 0.68740   1.19914   0.27586 0.82188 0.91700 4
   LH_5 0.31140 0.70060   2.03073   0.34532 1.53368 1.55725 5
   LH_6 0.28780 0.78500   1.82260   0.77378 1.60993 0.98282 6
   LH_7 0.49260 0.74220   1.89474   0.44319 0.79719 1.19168 7
   LH_8 0.38900 0.77780   0.28678   0.25810 1.69937 1.03598 8
   LH_9 0.38660 0.65620   0.34820   0.99585 1.49589 1.82387 9
  LH_10 0.49780 0.97500   0.66067   2.37841 1.48968 0.71450 10
  LH_11 0.45700 0.87220   3.81055   0.70028 1.50212 1.78386 11
  LH_12 0.48380 0.72220   2.07628   2.30697 1.73508 1.61888 12
  LH_13 0.44980 0.61900   0.51763   0.40782 1.62338 1.35004 13
  LH_14 0.11900 0.91020   1.34723   0.94737 1.17040 1.72309 14
  LH_15 0.21820 0.78820   0.82473   0.27357 0.55210 1.10573 15
  LH_16 0.14020 0.98500   1.48452   1.38127 0.69882 1.22179 16
  LH_17 0.12740 0.66540   3.86375   1.01819 0.50733 1.98206 17
  LH_18 0.13500 0.67740   2.33918   2.83235 0.78949 0.53849 18
  LH_19 0.33900 0.94860   1.30677   2.79336 0.60921 0.94803 19
  LH_20 0.22060 0.65100   0.27282   2.24389 1.85189 0.61857 20
  LH_21 0.49420 0.85180   0.42869   1.33978 1.02740 0.93757 21
  LH_22 0.15660 0.84180   0.61132   0.80664 0.88700 1.00208 22
  LH_23 0.32220 0.92820   2.71697   3.45815 0.52377 1.22859 23
  LH_24 0.23660 0.67460   0.42279   3.31728 0.57714 1.52520 24
  LH_25 0.13260 0.79380   1.05263   3.95040 0.54450 0.56762 25
  LH_26 0.28420 0.72300   1.13761   3.03564 1.73267 1.32409 26
  LH_27 0.24780 0.83180   0.69255   1.31039 0.57475 1.01326 27
  LH_28 0.43660 0.98860   0.39557   1.14076 0.70956 0.79059 28
  LH_29 0.32900 0.77460   1.22603   2.15846 0.72247 1.66440 29
  LH_30 0.13100 0.71260   1.32134   0.31952 1.70173 0.50733 30
  LH_31 0.43020 0.88100   3.77899   0.85976 1.90396 0.77325 31
  LH_32 0.44940 0.86460   0.43107   1.05555 1.09657 1.24401 32
  LH_33 0.20180 0.87780   2.29421   0.39777 0.63508 1.20832 33
  LH_34 0.49580 0.77820   1.62225   3.46775 1.71594 1.42701 34
  LH_35 0.21540 0.84900   0.30481   1.96428 1.16070 0.57236 35
  LH_36 0.47780 0.87540   2.28786   0.27971 0.72447 0.50804 36
  LH_37 0.41460 0.87100   2.92006   2.99385 1.41323 1.92786 37
  LH_38 0.40900 0.72860   2.57041   0.42396 1.13524 1.43098 38
  LH_39 0.20420 0.67100   2.73967   0.33402 1.44693 1.57462 39
  LH_40 0.12540 0.93420   2.88786   1.36226 1.31859 0.96527 40
  LH_41 0.45620 0.88660   0.68113   2.49320 1.68296 1.78881 41
  LH_42 0.34540 0.98220   2.77022   0.87661 0.68444 1.90396 42
  LH_43 0.11420 0.62020   2.97729   0.26170 1.22179 1.37459 43
  LH_44 0.20980 0.81980   1.94261   0.26243 0.63420 0.80944 44
  LH_45 0.13220 0.92860   3.13834   2.76255 0.80497 0.67129 45
  LH_46 0.44900 0.65700   1.43993   3.00216 1.12584 0.52961 46
  LH_47 0.32180 0.73740   0.53366   1.60882 0.50035 0.77432 47
  LH_48 0.47940 0.97060   0.79775   1.99723 0.61771 1.05336 48
  LH_49 0.47020 0.65980   1.25006   1.18263 1.32777 1.44693 49
  LH_50 0.36500 0.69060   0.50768   0.59132 1.49381 1.55509 50
  LH_51 0.10020 0.64220   1.48041   0.26536 0.96393 1.34817 51
  LH_52 0.23020 0.75820   3.20872   0.38369 1.79876 1.54649 52
  LH_53 0.19140 0.73860   0.36602   0.56723 0.59337 1.69702 53
  LH_54 0.23780 0.69140   0.52196   0.81790 1.05336 0.67315 54
  LH_55 0.15980 0.75620   0.31165   0.65702 0.77970 1.78633 55
  LH_56 0.18020 0.86860   1.73869   1.09429 0.90438 0.50453 56
  LH_57 0.18380 0.90180   3.64521   0.31513 0.97198 1.52944 57
  LH_58 0.23700 0.81180   3.09513   0.32219 1.32042 0.88823 58
  LH_59 0.44380 0.92180   0.36704   2.18859 1.34257 1.22010 59
  LH_60 0.30420 0.98660   0.97671   1.54328 0.80832 0.57475 60
  LH_61 0.40460 0.97020   1.97520   0.35601 1.00347 1.16393 61
  LH_62 0.37060 0.65300   0.53812   0.65884 1.29504 1.27191 62
  LH_63 0.18780 0.80740   0.30062   0.28205 0.81847 0.65565 63
  LH_64 0.29140 0.77980   3.98340   2.28153 1.13839 1.62789 64
  LH_65 0.32940 0.74980   0.33588   3.29893 1.99032 1.08147 65
  LH_66 0.40260 0.93100   0.33495   0.25455 1.10726 1.57899 66
  LH_67 0.28380 0.82980   0.48030   1.46815 1.16231 1.76174 67
  LH_68 0.22340 0.89420   2.30058   0.58805 1.13210 1.85703 68
  LH_69 0.30820 0.87820   0.59460   0.30566 1.40153 0.50663 69
  LH_70 0.47500 0.87860   0.63905   0.55633 1.57243 1.64148 70
  LH_71 0.47260 0.79540   1.67249   0.43830 1.50629 0.64305 71
  LH_72 0.27780 0.71820   0.46073   3.60500 1.20999 0.63332 72
  LH_73 0.10660 0.93780   0.26389   0.53514 0.83451 1.06807 73
  LH_74 0.28220 0.72420   1.58667   0.26981 1.32961 0.98966 74
  LH_75 0.11540 0.76420   0.25104   0.61814 1.80625 1.85961 75
  LH_76 0.21580 0.99780   0.46458   0.28917 0.83335 1.00765 76
  LH_77 0.49380 0.70820   1.93187   0.25104 0.56058 0.72247 77
  LH_78 0.35060 0.86300   2.48630   1.03814 0.50243 0.55363 78
  LH_79 0.39220 0.91460   0.59625   3.51616 1.41128 0.68444 79
  LH_80 0.18700 0.77380   2.62806   1.80751 1.48144 1.47529 80
  LH_81 0.44020 0.89860   1.00139   0.69064 0.81960 0.99378 81
  LH_82 0.10740 0.84740   1.03814   0.45946 0.76260 1.70882 82
  LH_83 0.39900 0.93060   1.70055   0.29978 0.62807 0.64842 83
  LH_84 0.27180 0.67620   0.33868   0.40669 0.56999 1.30405 84
  LH_85 0.46260 0.79700   1.40056   2.66475 0.86035 1.36888 85
  LH_86 0.28860 0.74500   1.75321   0.51620 1.26488 1.23542 86
  LH_87 0.31660 0.85500   2.65001   0.54261 0.54829 0.58927 87
  LH_88 0.21700 0.84260   0.52924   0.46329 1.39959 0.53108 88
  LH_89 0.13300 0.84780   1.38127   2.16445 1.60325 1.91454 89
  LH_90 0.23580 0.78420   1.18921   2.50012 1.24920 0.95993 90
  LH_91 0.31180 0.94140   3.28069   0.72799 1.14631 0.52087 91
  LH_92 0.47700 0.92540   1.67714   1.18921 0.61942 1.03886 92
  LH_93 0.31740 0.82740   0.26906   3.39168 0.68160 1.67597 93
  LH_94 0.16460 0.78140   1.08824   1.98069 0.89193 0.61600 94
  LH_95 0.29380 0.99060   0.61643   3.21763 1.13367 0.55133 95
  LH_96 0.19460 0.75580   0.86934   0.87904 0.53255 0.74484 96
  LH_97 0.24100 0.87620   3.61501   0.71797 1.88557 0.72951 97
  LH_98 0.13940 0.94500   0.75681   0.32488 0.50945 1.55294 98
  LH_99 0.21300 0.91820   1.49692   0.41351 0.60332 0.58196 99
 LH_100 0.45900 0.94300   3.97237   0.91383 1.22688 0.93887 100
 LH_101 0.14300 0.95860   0.77378   0.94475 0.62546 1.60770 101
 LH_102 0.11940 0.70420   0.72598   3.57514 1.89605 1.45498 102
 LH_103 0.24860 0.80580   1.69584   3.82113 0.90188 0.66204 103
 LH_104 0.31380 0.82220   2.83235   1.81756 1.63694 0.90563 104
 LH_105 0.37260 0.95220   0.51620   0.90626 0.70271 0.79609 105
 LH_106 0.28500 0.85100   3.67565   3.70635 0.59419 1.40542 106
 LH_107 0.29460 0.63180   0.51051   0.92659 1.11497 1.13839 107
 LH_108 0.49860 0.63020   1.31039   2.38502 0.51799 0.62287 108
 LH_109 0.38380 0.91180   0.87176   2.48630 0.73969 0.93368 109
 LH_110 0.20620 0.82700   0.94213   0.69448 1.77645 0.66480 110
 LH_111 0.10500 0.78460   1.80250   0.46716 1.26313 0.64932 111
 LH_112 0.19700 0.73380   0.62503   0.91637 0.54753 1.77399 112
 LH_113 0.32340 0.83340   0.26170   0.27433 0.68539 0.60416 113
 LH_114 0.26140 0.90220   2.62079   0.33774 0.84031 1.23713 114
 LH_115 0.25020 0.62540   1.56917   0.30481 1.64376 0.72146 115
 LH_116 0.37420 0.67020   3.01885   1.99170 1.06511 1.06363 116
 LH_117 0.27460 0.81540   0.82017   1.04391 0.64483 1.65290 117
 LH_118 0.10780 0.99700   0.25525   1.36983 0.58277 1.27368 118
 LH_119 0.34660 0.98340   1.32869   1.11574 0.52668 0.83105 119
 LH_120 0.11740 0.89140   1.85318   0.58968 0.89069 1.65979 120
 LH_121 0.21340 0.87700   0.83162   0.45063 1.60103 1.19665 121
 LH_122 0.10700 0.74460   1.11265   1.61328 0.95860 0.95727 122
 LH_123 0.12460 0.64300   0.37010   2.63536 1.39765 1.50420 123
 LH_124 0.34780 0.85580   0.45063   1.86348 1.35191 0.66757 124
 LH_125 0.40060 0.92460   1.88949   0.72196 1.65061 0.97468 125
 LH_126 0.25500 0.72660   0.60963   1.53475 1.93858 0.68349 126
 LH_127 0.14220 0.79100   0.50208   0.49380 1.08147 0.79719 127
 LH_128 0.34380 0.68100   1.79253   2.31338 1.48349 0.69303 128
 LH_129 0.45740 0.89900   0.54563   0.68113 1.29684 1.32593 129
 LH_130 0.39620 0.71140   0.97131   0.36400 0.68729 1.89343 130
 LH_131 0.39380 0.84100   0.50069   0.34724 0.84382 1.09962 131
 LH_132 0.26380 0.70940   0.53514   0.34917 0.87357 1.61217 132
 LH_133 0.36580 0.86580   0.41812   1.40056 1.83147 1.76908 133
 LH_134 0.24060 0.87300   1.41618   2.57041 1.25788 0.81620 134
 LH_135 0.41660 0.88700   1.25353   1.58667 1.28788 0.85323 135
 LH_136 0.36220 0.64940   0.78241   1.97520 1.52098 1.31130 136
 LH_137 0.35380 0.70860   0.85976   0.34628 0.80608 1.56157 137
 LH_138 0.10340 0.76060   0.70222   0.72598 0.68825 0.58358 138
 LH_139 0.37660 0.91380   2.85601   0.68682 0.51727 1.09051 139
 LH_140 0.15620 0.94180   1.96428   2.77022 0.66021 0.50174 140
 LH_141 0.27420 0.63380   0.41009   3.71664 0.76472 0.64127 141
 LH_142 0.42500 0.81020   0.27433   1.69584 0.62114 1.47734 142
 LH_143 0.15860 0.68780   0.43227   0.51763 0.91700 0.69979 143
 LH_144 0.35780 0.75860   1.02669   2.12874 1.76908 0.51871 144
 LH_145 0.10460 0.76260   1.27103   0.43107 1.55509 1.02883 145
 LH_146 0.44700 0.61540   1.49278   1.33237 1.04174 1.82893 146
 LH_147 0.29540 0.90300   3.01049   0.27206 0.53108 1.43694 147
 LH_148 0.14180 0.90420   1.73388   1.17283 0.83567 0.65022 148
 LH_149 0.37300 0.64540   1.99170   0.44074 1.52732 0.56370 149
 LH_150 0.30380 0.71500   1.18591   0.48971 0.64038 1.37650 150
 LH_151 0.21980 0.97540   1.30315   0.27509 1.35566 1.96564 151
 LH_152 0.33980 0.80180   0.85500   0.66250 0.77539 1.39378 152
 LH_153 0.11020 0.77220   0.32219   0.51192 1.69232 1.14472 153
 LH_154 0.25380 0.71780   3.21763   0.28678 0.90313 1.70645 154
 LH_155 0.37980 0.60140   0.33681   1.35097 0.95066 1.13367 155
 LH_156 0.28340 0.66500   2.43851   0.35014 1.88035 1.71119 156
 LH_157 0.34420 0.71060   1.66324   0.25739 1.62789 1.81378 157
 LH_158 0.36980 0.75980   2.12874   0.57038 0.85916 0.82760 158
 LH_159 0.38340 0.83740   2.53503   0.47897 0.69592 0.96126 159
 LH_160 0.20500 0.97180   2.41162   0.93433 0.55826 1.26663 160
 LH_161 0.24460 0.68540   0.73408   1.04972 1.04608 1.38992 161
 LH_162 0.17740 0.96580   0.34436   2.21299 1.48555 0.77647 162
 LH_163 0.33700 0.94980   0.57674   1.70527 0.67036 1.07699 163
 LH_164 0.42580 0.70180   0.75054   1.03240 1.51467 0.74794 164
 LH_165 0.43380 0.66140   0.53663   2.85601 0.87843 0.61685 165
 LH_166 0.31860 0.86660   0.85027   1.56482 1.20330 1.42899 166
 LH_167 0.38820 0.96420   1.79751   0.35404 0.61005 0.78840 167
 LH_168 0.14580 0.65220   2.11111   2.37183 0.50804 1.38223 168
 LH_169 0.16780 0.80420   3.89602   0.25953 1.58997 0.99931 169
 LH_170 0.16220 0.98180   1.65405   0.28361 0.53329 0.57955 170
 LH_171 0.30700 0.92020   1.64490   0.30145 0.52159 1.27899 171
 LH_172 0.20100 0.79940   2.84021   0.69255 1.37268 1.41519 172
 LH_173 0.27620 0.66100   1.00696   1.74836 1.81378 1.53581 173
 LH_174 0.32700 0.96380   0.25596   1.22944 0.89689 0.86394 174
 LH_175 0.27500 0.84700   0.32041   2.92006 0.75419 1.61664 175
 LH_176 0.29780 0.92300   0.35404   1.64035 0.98966 0.97063 176
 LH_177 0.41180 0.70540   0.62677   0.65157 1.28076 1.35943 177
 LH_178 0.16980 0.73180   0.76313   0.38475 1.10114 1.30224 178
 LH_179 0.42380 0.70340   0.28997   0.78025 1.59660 0.63772 179
 LH_180 0.32460 0.97700   0.91383   1.61776 0.69016 0.82188 180
 LH_181 0.41980 0.95180   0.52632   0.41009 1.30044 0.76049 181
 LH_182 0.14500 0.82860   0.98214   0.63200 1.19003 0.62028 182
 LH_183 0.13700 0.62900   2.80889   0.54715 1.75200 1.00486 183
 LH_184 0.17180 0.75100   3.36359   0.52924 1.40347 0.68825 184
 LH_185 0.30540 0.80900   3.73731   3.81055 1.38223 0.66388 185
 LH_186 0.22420 0.92700   3.78948   0.30907 0.51370 1.84933 186
 LH_187 0.21660 0.61500   0.88638   2.40494 1.02030 0.51799 187
 LH_188 0.10300 0.91220   0.51192   0.26098 1.01889 1.72548 188
 LH_189 0.15420 0.67380   0.50348   3.66547 0.74484 1.48144 189
 LH_190 0.44660 0.98300   1.22264   3.16455 0.91320 0.59502 190
 LH_191 0.46580 0.65020   0.27357   0.54867 0.95993 0.51299 191
 LH_192 0.10580 0.93260   1.50943   1.46003 0.82531 1.42109 192
 LH_193 0.20460 0.86900   2.58471   2.71697 1.93589 0.83915 193
 LH_194 0.48740 0.85540   0.39338   1.57789 1.75443 0.91447 194
 LH_195 0.40380 0.85020   1.81252   0.75681 1.56157 1.07103 195
 LH_196 0.13780 0.77060   0.28049   0.98214 1.40542 1.15589 196
 LH_197 0.27300 0.71660   0.31688   3.42001 1.03455 1.59660 197
 LH_198 0.14940 0.77620   0.26462   1.13131 0.58682 1.31494 198
 LH_199 0.35180 0.84420   1.50525   0.61472 0.96661 1.23029 199
 LH_200 0.21140 0.61980   0.54111   3.09513 1.82387 1.22349 200
 LH_201 0.17940 0.82380   2.04202   3.04407 0.53403 1.65061 201
 LH_202 0.29660 0.64980   0.81338   0.66989 1.12896 1.05629 202
 LH_203 0.40220 0.76940   0.25314   1.49692 1.67597 0.68539 203
 LH_204 0.22620 0.76500   1.83274   0.95000 0.68920 0.67502 204
 LH_205 0.12820 0.78900   0.90626   1.10038 1.09809 1.26313 205
 LH_206 0.41100 0.69220   1.86348   1.88426 1.69702 1.18838 206
 LH_207 0.11220 0.67180   0.48700   0.67362 1.11188 0.81847 207
 LH_208 0.13460 0.98380   2.99385   0.30993 1.60547 0.59750 208
 LH_209 0.40140 0.75900   0.53961   1.92652 1.24574 0.98555 209
 LH_210 0.27140 0.93380   0.36299   0.74639 0.77325 1.68763 210
 LH_211 0.33860 0.73540   0.66989   0.82932 0.93757 0.82531 211
 LH_212 0.42940 0.66740   0.81564   2.59908 1.70645 1.18345 212
 LH_213 0.42740 0.95620   3.58507   1.07923 0.60249 1.06659 213
 LH_214 0.38620 0.64900   3.91768   3.93947 0.66480 0.65384 214
 LH_215 0.48060 0.72460   0.32669   3.99446 1.30949 0.51441 215
 LH_216 0.42420 0.74060   0.25174   0.33681 0.87478 1.48349 216
 LH_217 0.47100 0.95900   0.58642   1.38511 0.78295 1.46510 217
 LH_218 0.15020 0.74300   0.92402   0.34246 1.03025 0.52304 218
 LH_219 0.45060 0.95980   0.47369   1.43993 1.23713 1.56374 219
 LH_220 0.33220 0.88780   0.65884   1.48865 1.97383 0.53626 220
 LH_221 0.24900 0.81420   0.27131   0.79996 0.72046 1.89868 221
 LH_222 0.29860 0.63980   0.82702   0.41697 0.53034 1.15910 222
 LH_223 0.41900 0.70740   0.50488   2.75490 0.99516 1.10726 223
 LH_224 0.16820 0.81860   2.82451   3.30809 1.28610 0.99240 224
 LH_225 0.16580 0.60020   2.52801   0.33588 1.27191 0.63420 225
 LH_226 0.23540 0.80660   1.91587   2.17648 1.33330 0.53477 226
 LH_227 0.36660 0.67220   0.80441   1.66786 0.99240 1.17528 227
 LH_228 0.26820 0.74940   2.51403   2.03073 0.55671 0.76897 228
 LH_229 0.19820 0.67820   0.27509   1.78262 0.97874 0.94278 229
 LH_230 0.37900 0.65420   0.37113   0.42514 0.95330 1.19003 230
 LH_231 0.30020 0.99020   0.95000   1.71000 0.96795 1.73748 231
 LH_232 0.18500 0.79260   0.29566   0.38051 0.85560 0.65656 232
 LH_233 0.10380 0.63420   1.20247   0.55019 0.59915 1.19499 233
 LH_234 0.44260 0.91260   0.96594   2.54206 1.77892 0.87236 234
 LH_235 0.43500 0.99980   0.32579   1.83274 0.88209 1.54221 235
 LH_236 0.31340 0.94460   0.62157   3.68586 0.74587 1.66902 236
 LH_237 0.23180 0.93660   0.54261   0.48297 1.78633 1.45902 237
 LH_238 0.21620 0.90980   0.73204   0.50348 1.01748 1.30586 238
 LH_239 0.24580 0.82660   2.25636   2.26891 1.73027 1.17040 239
 LH_240 0.11820 0.80300   0.55942   0.37736 1.92786 0.67877 240
 LH_241 0.39860 0.60900   0.26026   0.56566 0.95462 0.65930 241
 LH_242 0.15380 0.91420   3.65533   0.68873 0.63772 0.76791 242
 LH_243 0.20580 0.88740   0.31776   1.94261 0.79941 1.33700 243
 LH_244 0.21460 0.67780   2.96905   1.11884 1.95477 1.71356 244
 LH_245 0.46780 0.66220   0.47237   3.01049 1.28432 0.66113 245
 LH_246 0.41540 0.77900   0.97400   1.10343 0.61259 1.07252 246
 LH_247 0.25420 0.67940   0.86694   0.59957 1.34443 0.79499 247
 LH_248 0.23500 0.64700   3.57514   2.62806 1.57680 1.74957 248
 LH_249 0.39660 0.60740   1.53050   0.61132 0.98146 1.07848 249
 LH_250 0.20300 0.74820   1.14076   0.37113 0.66296 0.58682 250
 LH_251 0.20740 0.74860   2.24389   0.89627 0.70076 0.67689 251
 LH_252 0.34580 0.69740   0.66619   1.42011 0.98010 1.73027 252
 LH_253 0.29260 0.71340   0.88148   0.26609 0.78079 0.69882 253
 LH_254 0.18300 0.79860   1.17283   2.07053 1.91189 0.79388 254
 LH_255 0.39300 0.85300   0.37319   0.96059 1.08900 0.60082 255
 LH_256 0.23140 0.66980   0.55787   1.24315 1.97657 1.14790 256
 LH_257 0.37820 0.99460   2.03637   0.25667 1.93053 1.02740 257
 LH_258 0.36180 0.90060   0.78895   0.52051 0.82645 0.67036 258
 LH_259 0.42180 0.93300   0.40332   0.86934 0.79609 0.55440 259
 LH_260 0.49980 0.82900   0.31079   1.85832 1.52944 0.71648 260
 LH_261 0.44500 0.90100   1.38896   0.82245 0.72951 0.57316 261
 LH_262 0.38140 0.99860   1.84805   3.18215 0.78404 1.11806 262
 LH_263 0.11660 0.81580   0.38582   0.37527 0.86394 1.35379 263
 LH_264 0.47860 0.85940   0.71400   0.39447 1.54435 0.95330 264
 LH_265 0.43180 0.70660   2.96083   0.38582 1.16554 1.05190 265
 LH_266 0.10220 0.92060   2.73208   1.50525 1.36888 1.75930 266
 LH_267 0.40540 0.83020   0.39667   0.93174 1.01607 0.74587 267
 LH_268 0.42900 0.71180   0.71203   1.53050 1.76418 1.24229 268
 LH_269 0.30140 0.88940   1.24315   0.62503 0.89565 1.00069 269
 LH_270 0.43900 0.78980   0.62330   0.31688 1.46917 0.59832 270
 LH_271 0.48500 0.64260   3.82113   0.36501 1.79626 1.67830 271
 LH_272 0.45260 0.76340   0.60123   0.67736 0.78840 0.91320 272
 LH_273 0.26300 0.66340   3.53571   0.57674 1.79378 1.01748 273
 LH_274 0.33620 0.64180   2.20076   2.94445 1.06216 0.61174 274
 LH_275 0.14740 0.77420   1.87905   1.44794 1.22010 0.87843 275
 LH_276 0.15460 0.83940   2.37183   0.38797 1.54649 0.58035 276
 LH_277 0.33300 0.87660   0.45313   2.17046 1.94127 0.89689 277
 LH_278 0.30340 0.82780   2.47255   1.19914 1.98481 1.21167 278
 LH_279 0.41140 0.66580   1.21251   0.76950 0.65384 0.95595 279
 LH_280 0.35100 0.98780   1.10650   2.42503 1.87514 0.59009 280
 LH_281 0.18420 0.70580   1.66786   2.80111 1.47529 1.91720 281
 LH_282 0.47380 0.89820   0.53219   1.43594 1.02314 0.51086 282
 LH_283 0.25700 0.89300   1.14711   2.23767 1.61440 0.58601 283
 LH_284 0.29740 0.91740   3.12965   1.01255 1.35379 0.53329 284
 LH_285 0.24620 0.74020   0.52051   0.85263 0.86874 0.74691 285
 LH_286 0.46900 0.68180   0.54715   0.41812 1.34630 1.06955 286
 LH_287 0.22260 0.91780   0.37840   1.37364 0.58439 1.36509 287
 LH_288 0.39980 0.83900   0.38156   2.13465 1.05482 0.91955 288
 LH_289 0.35020 0.78100   0.34917   0.52778 1.00208 1.42504 289
 LH_290 0.22500 0.95300   0.50628   1.84805 0.86155 1.21841 290
 LH_291 0.29580 0.96300   0.26098   0.86454 0.51871 0.80051 291
 LH_292 0.46340 0.91700   2.75490   3.05252 0.69112 0.81057 292
 LH_293 0.12180 0.72060   2.41831   0.37945 0.84499 0.88946 293
 LH_294 0.19500 0.73420   1.23628   0.86694 0.68066 1.36131 294
 LH_295 0.26220 0.77580   0.99034   1.06142 1.21335 1.33886 295
 LH_296 0.22100 0.64860   3.99446   0.87176 0.74691 0.53775 296
 LH_297 0.45460 0.76100   2.49320   2.55620 1.88818 0.88087 297
 LH_298 0.11980 0.78180   0.58156   0.53219 1.50838 0.52814 298
 LH_299 0.12580 0.91860   0.94737   1.38896 1.27368 0.79830 299
 LH_300 0.29340 0.89020   0.94475   3.53571 0.95198 0.94934 300
 LH_301 0.18260 0.97460   1.15029   0.26683 1.15749 0.67783 301
 LH_302 0.29620 0.96620   0.48565   1.81252 0.59667 0.52015 302
 LH_303 0.32660 0.86420   0.49517   0.48431 1.93321 1.93589 303
 LH_304 0.28180 0.75660   2.54206   3.98340 1.44894 1.52098 304
 LH_305 0.27940 0.93700   0.39229   0.88884 0.57157 1.81630 305
 LH_306 0.13580 0.83820   0.29240   0.33033 0.97468 0.74898 306
 LH_307 0.45860 0.62140   0.37631   0.35111 1.46307 0.95860 307
 LH_308 0.35580 0.80260   0.33774   2.05908 0.74794 0.63244 308
 LH_309 0.49020 0.68900   0.42988   1.35472 0.80163 0.71153 309
 LH_310 0.46460 0.63220   0.82932   3.06099 1.75686 0.96661 310
 LH_311 0.48460 0.64020   0.58805   0.53366 1.06955 1.01045 311
 LH_312 0.26340 0.65340   0.77593   0.47237 0.52015 0.63861 312
 LH_313 0.29020 0.63260   0.39777   0.40109 0.94671 0.52595 313
 LH_314 0.16540 0.91620   3.83174   2.33270 0.54981 0.59667 314
 LH_315 0.15940 0.98060   0.60626   1.42405 0.59584 1.58777 315
 LH_316 0.26180 0.62660   1.42011   1.74352 0.56762 0.54074 316
 LH_317 0.15580 0.99380   1.92652   0.75054 1.06807 0.55057 317
 LH_318 0.17260 0.79220   3.96137   3.91768 0.53626 1.08749 318
 LH_319 0.27100 0.85780   2.10526   0.77593 0.54677 1.82134 319
 LH_320 0.17620 0.97820   0.34151   3.52592 0.66943 1.58997 320
 LH_321 0.48780 0.93140   0.28361   1.32869 1.17691 0.84733 321
 LH_322 0.33020 0.98140   0.34532   1.26050 0.94017 0.83451 322
 LH_323 0.32100 0.71460   0.36098   0.73204 0.56370 0.87115 323
 LH_324 0.21380 0.99580   2.18253   0.90125 1.82893 1.18017 324
 LH_325 0.23980 0.61180   0.74432   0.37840 0.82760 1.01607 325
 LH_326 0.44860 0.87380   2.32624   3.32649 1.41519 1.19334 326
 LH_327 0.30180 0.73780   0.40444   1.25353 1.05190 0.70466 327
 LH_328 0.40420 0.76620   0.35700   0.26906 0.55748 0.77755 328
 LH_329 0.34980 0.98020   0.79333   0.50909 1.53581 0.63596 329
 LH_330 0.12420 0.94100   0.93174   0.54412 1.00765 0.64662 330
 LH_331 0.36100 0.89540   2.94445   0.28598 0.66388 0.64394 331
 LH_332 0.19780 0.73660   2.13465   3.88523 1.67133 0.79941 332
 LH_333 0.38700 0.87340   1.02101   2.11697 0.91828 1.46713 333
 LH_334 0.25620 0.92340   2.55620   1.26751 0.54525 0.94017 334
 LH_335 0.22980 0.74580   1.91057   3.97237 0.83683 0.80385 335
 LH_336 0.19940 0.62060   3.07801   0.27893 1.67365 0.83567 336
 LH_337 0.28580 0.88460   0.86454   3.58507 0.75210 0.53552 337
 LH_338 0.27580 0.68460   0.46329   0.70222 1.11961 0.66021 338
 LH_339 0.42980 0.91340   0.85738   1.00139 0.79830 0.50593 339
 LH_340 0.26020 0.99100   1.09733   0.32399 0.70174 1.83655 340
 LH_341 0.26260 0.92220   2.37841   0.25882 1.78881 0.90438 341
 LH_342 0.28700 0.80220   1.31403   1.57352 0.71252 1.00347 342
 LH_343 0.27340 0.65500   0.25455   0.32130 1.42899 0.75210 343
 LH_344 0.12140 0.86780   0.32942   1.31768 1.62563 1.71594 344
 LH_345 0.41020 0.99820   1.46815   2.53503 1.44493 1.74473 345
 LH_346 0.44300 0.68060   0.73816   0.46976 0.60668 0.85560 346
 LH_347 0.47300 0.68420   2.87986   1.25006 1.13997 1.72071 347
 LH_348 0.25980 0.99420   0.87418   0.47107 0.71847 0.71252 348
 LH_349 0.36420 0.95460   0.36806   0.36908 1.07699 0.68729 349
 LH_350 0.25060 0.75220   0.90375   0.39338 0.82302 0.81282 350
 LH_351 0.39420 0.73620   0.60458   1.82766 0.52522 0.91828 351
 LH_352 0.18980 0.77940   0.30736   0.82473 0.52449 0.53034 352
 LH_353 0.39180 0.86620   0.27971   2.01950 1.91986 0.97333 353
 LH_354 0.34020 0.79060   1.90000   0.31079 0.65838 1.35191 354
 LH_355 0.17340 0.96980   0.46201   0.82017 0.51015 1.68997 355
 LH_356 0.32300 0.64420   0.29402   0.88638 0.54299 0.89813 356
 LH_357 0.47980 0.92940   2.63536   3.72696 0.74381 0.62114 357
 LH_358 0.39700 0.90700   0.73002   1.02954 0.76578 0.57634 358
 LH_359 0.45300 0.96900   0.67924   0.39121 0.51441 1.67365 359
 LH_360 0.40820 0.76220   1.90528   1.77276 0.52961 1.11188 360
 LH_361 0.16380 0.80940   0.72799   0.61643 0.66757 0.68920 361
 LH_362 0.15100 0.88860   1.35849   0.33217 1.29864 1.46104 362
 LH_363 0.34100 0.89780   1.99723   1.55186 0.92723 0.86274 363
 LH_364 0.23420 0.66660   0.25035   1.06733 0.50523 0.88454 364
 LH_365 0.47620 0.70900   0.68492   0.57355 1.78139 0.75944 365
 LH_366 0.18060 0.83580   0.98760   1.72907 1.62113 0.95462 366
 LH_367 0.47140 0.76020   0.99585   1.53901 0.56136 1.76418 367
 LH_368 0.27860 0.83260   1.74352   0.38904 0.88454 1.62113 368
 LH_369 0.23060 0.85860   2.92817   0.90878 0.71055 0.81960 369
 LH_370 0.37140 0.65140   3.08656   2.33918 0.75944 0.84031 370
 LH_371 0.19980 0.68940   0.77809   2.59188 0.70466 0.70564 371
 LH_372 0.12700 0.67660   1.07624   3.24451 1.86736 1.99032 372
 LH_373 0.49740 0.87420   2.64268   0.41123 0.55440 0.77862 373
 LH_374 0.18860 0.93820   2.40494   1.08222 1.06069 0.79278 374
 LH_375 0.24500 0.75140   3.41054   1.24660 0.63244 1.51467 375
 LH_376 0.35620 0.95820   0.97942   0.35998 1.19665 0.89193 376
 LH_377 0.25740 0.68860   2.59908   0.40895 1.84676 1.31859 377
 LH_378 0.31620 0.84820   0.87661   0.94213 0.78622 1.04464 378
 LH_379 0.20940 0.92660   0.90878   3.59502 1.81882 0.68160 379
 LH_380 0.38020 0.66460   2.18859   0.84323 1.35004 0.77218 380
 LH_381 0.13620 0.70980   2.36526   0.43952 1.18674 0.89565 381
 LH_382 0.33180 0.84940   0.62851   2.62079 1.17365 1.91189 382
 LH_383 0.11380 0.88900   0.61472   0.72397 0.91067 0.92338 383
 LH_384 0.33260 0.68700   3.92856   1.28877 1.65519 0.85678 384
 LH_385 0.11700 0.83980   0.98487   0.56880 1.63241 1.43495 385
 LH_386 0.35260 0.70780   2.45888   3.76853 1.52309 0.81734 386
 LH_387 0.49900 0.77700   1.16312   0.62677 1.76663 1.09202 387
 LH_388 0.11860 0.66900   2.39828   0.35503 1.15589 1.74715 388
 LH_389 0.47220 0.95500   1.27456   0.68302 0.73052 0.92980 389
 LH_390 0.49820 0.96500   2.67957   0.26757 1.38032 0.56841 390
 LH_391 0.36460 0.71860   0.84557   2.52101 0.81394 0.54981 391
 LH_392 0.22300 0.98460   0.36501   0.30062 1.31494 1.68296 392
 LH_393 0.43580 0.95420   0.50909   0.42632 1.68529 1.38415 393
 LH_394 0.25180 0.73300   3.84238   0.30397 0.76897 0.55671 394
 LH_395 0.46020 0.79620   0.78025   0.37216 1.30224 1.82640 395
 LH_396 0.43980 0.91500   0.30145   1.50108 0.91193 0.78731 396
 LH_397 0.13740 0.83780   1.76786   1.63127 1.89868 0.99792 397
 LH_398 0.17300 0.72100   1.57352   2.25012 0.65112 1.25614 398
 LH_399 0.42620 0.98820   0.52486   0.37010 1.05775 1.87514 399
 LH_400 0.24260 0.75020   0.89379   3.28069 0.73154 1.02030 400
 LH_401 0.35900 0.71900   0.33309   0.83625 0.52595 1.45095 401
 LH_402 0.18620 0.98900   1.17609   0.59625 0.90689 1.52732 402
 LH_403 0.41500 0.75740   1.40834   2.57755 0.51157 0.82416 403
 LH_404 0.48580 0.69260   1.10957   1.02669 1.72071 1.91986 404
 LH_405 0.45420 0.90500   0.49380   1.12818 0.55903 1.39959 405
 LH_406 0.25540 0.80700   0.49931   0.29484 1.56374 0.98692 406
 LH_407 0.49220 0.70620   2.05908   0.36704 1.10880 1.02456 407
 LH_408 0.34820 0.74180   3.18215   3.54553 0.53182 1.99308 408
 LH_409 0.15500 0.74540   0.28519   0.45565 1.14155 0.60165 409
 LH_410 0.24980 0.95580   0.71997   2.67957 1.94396 1.08298 410
 LH_411 0.42260 0.76740   0.81790   0.65338 1.32225 1.04174 411
 LH_412 0.22460 0.93620   1.87384   0.63728 1.80125 1.79876 412
 LH_413 0.25100 0.64500   0.57197   2.96905 1.03168 0.93239 413
 LH_414 0.45580 0.63580   1.19582   0.86214 1.00486 1.34443 414
 LH_415 0.43340 0.71020   0.33402   2.77791 1.32409 1.20164 415
 LH_416 0.25460 0.61940   1.29954   0.95264 0.56605 1.22688 416
 LH_417 0.49100 0.61780   0.65520   0.99309 1.08749 1.16554 417
 LH_418 0.40180 0.78700   1.34350   0.51334 0.53477 1.13053 418
 LH_419 0.46700 0.91940   0.26609   0.46458 1.10267 1.64832 419
 LH_420 0.31300 0.67540   0.29321   0.53071 0.71747 0.51943 420
 LH_421 0.33780 0.66940   1.20916   2.26263 1.82640 0.65203 421
 LH_422 0.44580 0.79180   0.38904   2.58471 0.88332 0.66296 422
 LH_423 0.25900 0.82300   0.55172   1.06437 0.56527 0.84851 423
 LH_424 0.22900 0.69500   0.63376   2.80889 0.57078 0.56999 424
 LH_425 0.49300 0.63060   0.29159   0.39012 0.93627 1.88557 425
 LH_426 0.18180 0.69180   0.29484   3.38229 1.61888 0.54677 426
 LH_427 0.19420 0.98980   3.50642   0.71598 1.66209 1.48761 427
 LH_428 0.40620 0.79580   0.38475   1.45599 0.79169 0.58116 428
 LH_429 0.49620 0.64780   0.31513   0.26832 1.36320 0.77970 429
 LH_430 0.17780 0.83100   0.74639   2.45888 1.87774 1.75686 430
 LH_431 0.46860 0.68300   0.78676   0.40556 1.69466 0.62633 431
 LH_432 0.45380 0.82620   2.95263   2.08204 0.81282 0.90689 432
 LH_433 0.26980 0.71100   0.26243   2.14058 1.18181 0.92466 433
 LH_434 0.18820 0.90380   1.41225   0.25035 1.35943 1.54435 434
 LH_435 0.17380 0.62100   0.40669   1.00696 0.88577 0.65112 435
 LH_436 0.32820 0.81820   1.62676   0.57515 0.63596 0.59091 436
 LH_437 0.18460 0.73700   3.71664   2.00834 1.90132 0.86035 437
 LH_438 0.20140 0.96860   0.31600   1.34723 1.08598 0.65293 438
 LH_439 0.10540 0.75940   3.85305   0.33125 1.92519 1.80625 439
 LH_440 0.31980 0.86020   0.32488   1.05848 1.03742 1.45297 440
 LH_441 0.30060 0.71580   3.26255   1.26400 0.52232 0.98418 441
 LH_442 0.15260 0.91100   3.60500   2.84810 0.70564 1.77645 442
 LH_443 0.49500 0.69380   0.92146   1.35849 0.65203 0.56058 443
 LH_444 0.32860 0.94020   1.70527   2.20687 0.67408 0.85086 444
 LH_445 0.35980 0.88620   0.44938   0.73002 0.53775 1.87254 445
 LH_446 0.35660 0.77180   0.59957   0.33868 1.27721 0.71549 446
 LH_447 0.18940 0.87260   2.70945   3.23553 0.75838 0.55594 447
 LH_448 0.35860 0.62780   0.72397   0.50488 0.80051 0.70858 448
 LH_449 0.16300 0.69340   2.79336   2.30058 1.07549 1.31677 449
 LH_450 0.16500 0.97620   0.49243   1.17609 0.62201 1.29864 450
 LH_451 0.21740 0.65260   1.63580   0.47632 1.00626 0.53999 451
 LH_452 0.41780 0.84460   1.04681   0.63376 1.22349 0.66573 452
 LH_453 0.10940 0.95700   0.26757   0.79333 1.39571 0.89069 453
 LH_454 0.13980 0.88380   0.33217   1.56917 1.18017 1.04754 454
 LH_455 0.38940 0.60420   0.66804   0.27816 0.71947 0.59255 455
 LH_456 0.45340 0.80020   0.27206   1.80250 0.55363 1.33515 456
 LH_457 0.20700 0.82020   3.06099   0.30229 0.77432 0.56920 457
 LH_458 0.36020 0.65060   0.43467   3.84238 1.15109 0.99654 458
 LH_459 0.34060 0.70300   1.09126   0.97400 0.96527 1.63694 459
 LH_460 0.30940 0.80060   2.77791   1.87905 0.57316 1.64604 460
 LH_461 0.30860 0.95020   0.63552   2.32624 1.53794 1.47939 461
 LH_462 0.19180 0.84860   0.37945   2.03637 1.41912 0.62546 462
 LH_463 0.10980 0.94780   1.42800   3.22657 1.23885 0.51157 463
 LH_464 0.34940 0.82420   1.77769   2.18253 0.97063 0.77111 464
 LH_465 0.15900 0.98740   1.86865   0.52632 0.86754 1.93321 465
 LH_466 0.42220 0.76580   0.89876   1.31403 1.64604 1.07400 466
 LH_467 0.18580 0.60980   0.31338   1.19251 0.62894 1.06511 467
 LH_468 0.36860 0.66180   2.61353   0.44442 0.95595 1.44293 468
 LH_469 0.44820 0.84380   3.24451   0.45818 0.58927 1.64376 469
 LH_470 0.33580 0.85740   2.17648   1.89474 0.73357 1.30949 470
 LH_471 0.49660 0.78380   0.41697   0.39557 1.94666 0.84265 471
 LH_472 0.35460 0.71980   0.78458   0.38262 1.15269 0.50383 472
 LH_473 0.32980 0.61220   1.00417   1.40834 1.05922 0.90815 473
 LH_474 0.31220 0.96540   0.44689   0.95794 0.58035 1.88818 474
 LH_475 0.48020 0.77260   0.46976   0.57995 1.46713 0.59173 475
 LH_476 0.29060 0.70460   0.74021   1.08824 1.38799 0.58520 476
 LH_477 0.11060 0.75500   2.39164   0.71997 1.67830 1.67133 477
 LH_478 0.23900 0.90340   3.62505   0.92916 1.33700 0.96929 478
 LH_479 0.46220 0.93980   0.99309   0.43347 1.76174 1.46917 479
 LH_480 0.45500 0.78220   0.52778   3.10372 1.29325 0.86155 480
 LH_481 0.21900 0.63660   1.01819   3.75809 0.56841 1.05922 481
 LH_482 0.28300 0.62820   0.42396   2.64268 0.71549 1.47121 482
 LH_483 0.36700 0.88540   0.65702   0.43467 0.59173 1.66671 483
 LH_484 0.22860 0.60580   0.37736   2.74727 0.72648 0.61090 484
 LH_485 0.11580 0.89500   0.29813   2.41162 0.88823 0.82989 485
 LH_486 0.13540 0.78260   0.36908   0.69641 0.90063 1.62563 486
 LH_487 0.13020 0.96020   0.28205   0.68492 0.67315 0.60249 487
 LH_488 0.39500 0.60540   0.35111   0.31338 1.98756 0.72548 488
 LH_489 0.26660 0.81300   1.32501   0.64977 0.69979 0.51727 489
 LH_490 0.41220 0.81740   0.61302   3.47738 0.60082 0.92595 490
 LH_491 0.37700 0.67060   0.42162   1.19582 1.66440 1.73267 491
 LH_492 0.12260 0.65180   0.27586   2.47942 1.90660 1.90924 492
 LH_493 0.39260 0.89660   1.12818   1.36604 1.31312 1.83401 493
 LH_494 0.27700 0.72540   3.17334   0.32851 0.72347 1.15429 494
 LH_495 0.26860 0.62340   2.87189   3.19098 0.70858 1.04608 495
 LH_496 0.23260 0.95540   2.91198   2.43176 1.04899 0.58845 496
 LH_497 0.45980 0.63460   0.26316   0.64260 1.43296 0.86995 497
 LH_498 0.19340 0.99260   3.34499   1.67714 1.00905 1.51047 498
 LH_499 0.15060 0.86380   1.46409   0.70417 0.82874 1.85189 499
 LH_500 0.47180 0.95060   0.39998   1.51782 1.38607 0.58277 500
 LH_501 0.30620 0.86820   3.10372   0.48030 0.72548 0.76472 501
 LH_502 0.46620 0.86180   3.55537   2.10526 0.67596 1.80375 502
 LH_503 0.12660 0.75340   3.59502   1.76296 1.99585 1.51677 503
 LH_504 0.41260 0.64140   0.47764   0.48163 1.57026 0.74381 504
 LH_505 0.10180 0.60060   0.81113   1.27810 1.56591 0.65747 505
 LH_506 0.16140 0.85340   3.40110   0.35899 0.61429 1.59438 506
 LH_507 0.47660 0.67260   0.51334   0.65520 0.61344 0.52449 507
 LH_508 0.12100 0.83620   0.64797   0.57834 1.51677 1.29504 508
 LH_509 0.40660 0.74900   2.68701   2.84021 1.51047 0.73867 509
 LH_510 0.18660 0.65380   1.04102   1.71475 0.51086 0.52522 510
 LH_511 0.41380 0.61740   3.05252   0.78458 0.54074 0.62981 511
 LH_512 0.12620 0.80140   0.57995   1.27103 0.89440 0.75628 512
 LH_513 0.23340 0.87580   2.26891   2.35218 0.82989 1.28967 513
 LH_514 0.18340 0.84220   1.50108   1.30677 0.62028 0.61259 514
 LH_515 0.43300 0.88420   0.95794   1.58227 0.77111 0.56448 515
 LH_516 0.42100 0.96700   1.12194   0.53961 1.20497 1.26488 516
 LH_517 0.22020 0.64460   0.28598   0.32760 0.87600 0.67222 517
 LH_518 0.14980 0.98700   0.99861   3.33572 1.25440 1.30044 518
 LH_519 0.31900 0.84020   1.76296   0.50069 0.67129 0.94540 519
 LH_520 0.29700 0.82140   0.91891   0.33495 0.60584 1.45700 520
 LH_521 0.37180 0.81620   1.05848   1.66324 1.07400 1.14155 521
 LH_522 0.27900 0.69780   2.23767   1.92119 1.45297 1.12740 522
 LH_523 0.23740 0.83500   1.37745   1.23971 0.67502 1.18509 523
 LH_524 0.33740 0.90940   1.69114   0.79114 0.99654 0.92210 524
 LH_525 0.19300 0.68660   0.59132   0.37631 0.92595 1.05044 525
 LH_526 0.40020 0.74260   3.31728   0.49517 0.53924 1.02598 526
 LH_527 0.23820 0.98420   0.26683   3.25352 1.55725 1.95477 527
 LH_528 0.34740 0.90580   0.35899   1.83783 1.72788 0.85204 528
 LH_529 0.35420 0.87060   1.33978   0.88393 1.07848 1.00626 529
 LH_530 0.48620 0.60820   0.27739   0.29240 1.78386 0.83335 530
 LH_531 0.24340 0.93340   2.42503   0.44196 0.58764 0.94671 531
 LH_532 0.39580 0.64820   2.81669   1.07624 1.46510 1.97383 532
 LH_533 0.33820 0.89220   0.56723   0.36602 0.68349 0.56605 533
 LH_534 0.34340 0.61020   2.34567   1.77769 0.63156 1.28610 534
 LH_535 0.13140 0.68220   3.95040   2.04769 0.94409 1.20497 535
 LH_536 0.19740 0.80100   1.28165   3.65533 1.09354 0.70271 536
 LH_537 0.39340 0.86060   1.61776   0.55172 1.60770 0.56527 537
 LH_538 0.35500 0.92980   0.56253   2.11111 0.94803 0.84382 538
 LH_539 0.10820 0.68020   1.31768   0.30651 1.45498 0.88700 539
 LH_540 0.13660 0.99740   0.49655   1.95884 1.34071 1.60103 540
 LH_541 0.29100 0.76380   3.87447   0.64797 1.98206 0.55517 541
 LH_542 0.19620 0.83860   0.46716   1.03526 0.50383 1.28788 542
 LH_543 0.31260 0.62940   1.06437   0.97671 0.55981 0.77539 543
 LH_544 0.44780 0.91580   0.77164   0.96594 1.89343 1.23200 544
 LH_545 0.31540 0.63900   0.35799   0.63552 0.76154 0.52159 545
 LH_546 0.16660 0.77340   1.75808   0.32041 1.06363 1.66209 546
 LH_547 0.46820 0.97100   0.29078   3.56524 1.09962 0.80163 547
 LH_548 0.16260 0.97260   0.47632   1.32134 1.06659 0.73255 548
 LH_549 0.37220 0.69700   1.08222   3.48703 0.96126 0.72749 549
 LH_550 0.22540 0.80980   3.63511   0.45188 0.89938 0.61005 550
 LH_551 0.37780 0.68340   0.40220   0.62330 0.58601 0.85441 551
 LH_552 0.38420 0.82180   2.69447   1.72429 0.73765 1.44493 552
 LH_553 0.25140 0.86260   2.44528   0.57197 1.31130 0.90188 553
 LH_554 0.36340 0.60940   3.70635   0.32579 1.87254 1.12272 554
 LH_555 0.29900 0.95100   0.68302   1.10650 0.50453 0.87600 555
 LH_556 0.37100 0.65660   2.19466   1.98618 1.19334 1.87774 556
 LH_557 0.38980 0.66860   2.33270   0.42045 0.98555 1.34257 557
 LH_558 0.46740 0.76700   1.06733   2.51403 1.77399 1.81127 558
 LH_559 0.47340 0.98540   0.55325   0.40332 1.11651 1.19997 559
 LH_560 0.48860 0.73340   0.56409   2.09943 1.37841 1.01889 560
 LH_561 0.44220 0.79740   0.30397   0.44689 1.65749 1.39571 561
 LH_562 0.44060 0.65580   2.20687   1.88949 1.27015 1.04319 562
 LH_563 0.48900 0.97580   0.28440   1.45196 1.65290 1.01466 563
 LH_564 0.25220 0.90820   2.67215   0.66804 1.29146 1.84676 564
 LH_565 0.19020 0.87500   3.69609   1.50943 0.50874 1.88296 565
 LH_566 0.18220 0.61300   1.14393   0.35700 1.66671 1.38799 566
 LH_567 0.39740 0.78940   0.82245   0.58642 0.51943 0.57078 567
 LH_568 0.35940 0.79460   0.27056   0.88148 1.96837 1.10114 568
 LH_569 0.31580 0.75420   1.10038   0.97942 0.64932 1.40347 569
 LH_570 0.20660 0.67900   2.07053   1.15990 1.57899 1.12117 570
 LH_571 0.46100 0.90900   3.28980   2.93630 0.57794 0.73662 571
 LH_572 0.31780 0.74420   1.25701   0.76525 0.66204 0.73154 572
 LH_573 0.32260 0.75460   2.93630   1.11265 0.77862 0.53700 573
 LH_574 0.12900 0.76780   0.37423   1.01537 1.42504 1.25788 574
 LH_575 0.43260 0.70020   0.35014   0.36198 1.73748 1.97110 575
 LH_576 0.43620 0.90540   1.17936   0.29402 1.42701 0.90063 576
 LH_577 0.11260 0.67300   0.32399   3.01885 0.64842 0.63508 577
 LH_578 0.37740 0.60780   0.65338   2.45207 0.73662 0.55748 578
 LH_579 0.14660 0.89700   0.43347   0.50768 0.62633 1.24920 579
 LH_580 0.14780 0.89460   0.59791   0.71005 1.02172 0.71351 580
 LH_581 0.39020 0.81780   0.40895   1.55617 1.36509 0.55826 581
 LH_582 0.23380 0.84620   2.86394   0.92402 0.93239 1.15109 582
 LH_583 0.47820 0.96740   2.21299   3.73731 0.54149 0.52741 583
 LH_584 0.12020 0.77300   1.00975   0.81113 0.63949 0.57714 584
 LH_585 0.25260 0.63540   1.05555   1.47631 1.49174 0.59999 585
 LH_586 0.15780 0.96780   0.29730   2.70945 1.61217 1.76663 586
 LH_587 0.17900 0.83660   2.08782   1.51362 1.68763 0.82074 587
 LH_588 0.20020 0.85140   3.54553   1.79253 1.63467 1.98756 588
 LH_589 0.27540 0.83700   0.85263   2.29421 1.12117 0.61942 589
 LH_590 0.39540 0.87900   0.80888   1.67249 1.68063 1.37268 590
 LH_591 0.31020 0.76820   0.29978   3.92856 1.11806 1.10267 591
 LH_592 0.21780 0.95940   1.20581   2.65001 0.65930 1.40737 592
 LH_593 0.38500 0.86940   0.30651   0.60123 1.79129 1.98481 593
 LH_594 0.15540 0.72900   1.43594   0.98487 1.14472 1.79129 594
 LH_595 0.38100 0.61340   0.69448   0.83393 0.69303 1.56591 595
 LH_596 0.46940 0.93580   0.27893   0.30313 0.66573 1.03742 596
 LH_597 0.22660 0.75780   0.56880   3.80000 0.53849 1.97657 597
 LH_598 0.39060 0.79020   0.83857   1.39281 1.10420 0.99103 598
 LH_599 0.32740 0.72260   1.54756   2.67215 1.28254 1.20999 599
 LH_600 0.48180 0.63500   3.19098   0.27739 0.85441 1.04030 600
 LH_601 0.22940 0.93220   0.74846   2.69447 1.22519 0.98010 601
 LH_602 0.32060 0.79300   1.26050   0.96326 1.84421 0.66850 602
 LH_603 0.30780 0.61700   0.55019   0.28049 0.62287 0.63069 603
 LH_604 0.12340 0.62580   1.22944   0.39667 1.63014 1.20664 604
 LH_605 0.42140 0.65780   0.67175   0.97131 0.81057 0.54149 605
 LH_606 0.37340 0.73820   0.57515   1.70055 1.44293 0.78187 606
 LH_607 0.13060 0.67140   2.15846   0.99861 1.41716 1.70409 607
 LH_608 0.25940 0.91980   3.12098   0.39998 1.36131 1.08900 608
 LH_609 0.24420 0.89580   0.49107   0.27131 0.56448 0.90941 609
 LH_610 0.26460 0.80860   1.59549   0.74226 1.24229 0.50104 610
 LH_611 0.11100 0.69300   1.15990   0.52486 1.16716 1.02172 611
 LH_612 0.33060 0.81100   1.78757   1.09126 0.99378 1.49796 612
 LH_613 0.24660 0.76980   0.74226   2.07628 0.69400 1.24057 613
 LH_614 0.28060 0.60620   0.34341   3.83174 1.74715 1.25963 614
 LH_615 0.44460 0.78340   0.44442   1.17936 1.23542 1.60325 615
 LH_616 0.43540 0.80780   0.71005   1.21926 0.50174 1.16878 616
 LH_617 0.13340 0.81460   3.00216   0.32942 0.56920 1.50629 617
 LH_618 0.12060 0.92900   1.23971   2.06480 0.86995 0.70956 618
 LH_619 0.29220 0.88980   2.15248   1.59107 0.78187 1.41912 619
 LH_620 0.34620 0.61460   1.26751   1.60436 1.19168 0.61429 620
 LH_621 0.40580 0.89100   0.38262   0.29648 0.63684 1.79626 621
 LH_622 0.16100 0.92780   1.45196   2.73967 0.98692 0.70076 622
 LH_623 0.18100 0.81340   3.32649   2.72452 1.47121 1.51257 623
 LH_624 0.18740 0.79340   3.42950   3.37292 0.69689 1.08598 624
 LH_625 0.42340 0.66780   1.53475   2.96083 0.75524 0.56136 625
 LH_626 0.42860 0.78860   0.83393   0.63025 0.59255 0.69496 626
 LH_627 0.32540 0.85660   0.38369   3.43903 0.61857 1.17691 627
 LH_628 0.22700 0.80540   0.49792   1.20916 0.70368 1.06216 628
 LH_629 0.48980 0.80500   0.96059   0.34056 0.75106 0.99516 629
 LH_630 0.17020 0.69860   0.31864   0.30736 1.17528 0.75106 630
 LH_631 0.42700 0.81900   0.67736   2.34567 1.91454 1.09354 631
 LH_632 0.27660 0.75260   1.57789   2.46570 0.50593 1.97931 632
 LH_633 0.28940 0.72580   3.04407   0.99034 0.61090 1.04899 633
 LH_634 0.32780 0.90460   2.70195   1.28165 0.61174 1.80125 634
 LH_635 0.31820 0.94420   0.75891   0.81338 1.25614 0.78079 635
 LH_636 0.45660 0.86980   1.43197   0.31252 1.05629 1.50838 636
 LH_637 0.43100 0.92620   1.16959   2.90392 0.93887 0.69689 637
 LH_638 0.26940 0.81940   0.35601   2.14652 0.62720 0.50243 638
 LH_639 0.36900 0.82340   1.03240   1.59992 1.05044 0.63949 639
 LH_640 0.14140 0.75060   0.29648   0.27282 1.73989 1.12428 640
 LH_641 0.20380 0.93020   0.38689   1.41225 1.96564 0.68066 641
 LH_642 0.47060 0.94820   3.19984   0.84792 0.92852 0.69207 642
 LH_643 0.46540 0.98100   0.32760   2.50707 1.56808 1.78139 643
 LH_644 0.13900 0.85700   1.68646   0.40444 0.97333 1.31312 644
 LH_645 0.15180 0.68380   3.29893   0.46073 0.59009 1.69937 645
 LH_646 0.12300 0.60300   1.80751   0.67924 0.62981 0.69592 646
 LH_647 0.32140 0.77740   0.43830   1.22603 0.64305 1.03168 647
 LH_648 0.35700 0.61100   0.33962   0.59296 1.68997 1.05775 648
 LH_649 0.39140 0.60500   0.67362   0.80218 1.21504 1.68529 649
 LH_650 0.48100 0.72340   1.45599   0.55325 0.80944 1.44894 650
 LH_651 0.38580 0.65860   1.55617   0.52341 0.76049 0.73052 651
 LH_652 0.21060 0.68500   2.08204   2.68701 0.62460 1.84421 652
 LH_653 0.11180 0.89940   3.27161   0.95528 0.71153 1.53156 653
 LH_654 0.16620 0.72780   1.39281   2.22530 0.74072 0.51584 654
 LH_655 0.49940 0.99660   0.43709   2.39828 0.63069 1.54007 655
 LH_656 0.23620 0.79980   1.36604   0.56253 1.09505 1.80876 656
 LH_657 0.24700 0.60700   0.69834   1.34350 1.40932 0.70662 657
 LH_658 0.17500 0.90860   0.44813   0.40220 1.83910 1.18674 658
 LH_659 0.34860 0.61140   0.75262   0.63905 0.85678 0.57395 659
 LH_660 0.44620 0.96140   0.64260   0.79775 1.99308 0.51513 660
 LH_661 0.11140 0.73460   0.70028   1.84293 1.91720 0.88577 661
 LH_662 0.48940 0.63140   2.05338   2.44528 0.84733 0.96259 662
 LH_663 0.22140 0.72180   1.19251   0.61985 0.90941 0.69786 663
 LH_664 0.30460 0.95380   0.93433   2.15248 1.71356 1.86219 664
 LH_665 0.24380 0.87980   2.04769   0.29566 1.70882 1.20330 665
 LH_666 0.37580 0.77540   0.83625   0.59460 1.49796 1.03455 666
 LH_667 0.36780 0.63100   0.39447   2.12285 1.47325 0.84968 667
 LH_668 0.38060 0.64580   0.30229   0.46201 0.66113 1.62338 668
 LH_669 0.28900 0.67420   0.58479   3.89602 0.84851 0.50874 669
 LH_670 0.32020 0.89260   2.50707   0.49655 1.11034 0.50945 670
 LH_671 0.17580 0.70500   3.14705   3.64521 1.65979 0.78295 671
 LH_672 0.36540 0.66620   0.39887   0.60290 0.69207 1.39185 672
 LH_673 0.16180 0.79420   0.27662   0.49243 0.85797 1.21335 673
 LH_674 0.14620 0.73100   1.33237   1.02101 0.69496 1.84165 674
 LH_675 0.12380 0.69900   1.36226   0.35306 0.77647 0.65474 675
 LH_676 0.40300 0.84980   2.72452   2.41831 1.33886 1.33145 676
 LH_677 0.14860 0.99620   3.44857   0.28757 1.55941 0.75419 677
 LH_678 0.38860 0.69460   0.95264   0.55787 0.63332 0.60836 678
 LH_679 0.24940 0.85820   1.71951   0.58317 1.86219 0.96393 679
 LH_680 0.47460 0.97140   2.25012   0.78241 0.72749 1.19831 680
 LH_681 0.28620 0.72700   0.89627   1.64490 0.64394 1.72788 681
 LH_682 0.28140 0.86140   0.56566   0.67549 1.08448 0.63684 682
 LH_683 0.35340 0.60380   0.31952   1.14711 1.04319 0.72347 683
 LH_684 0.24140 0.85220   3.48703   0.34820 0.65747 0.93627 684
 LH_685 0.40780 0.99340   0.32309   0.25384 1.30767 1.96020 685
 LH_686 0.31700 0.96820   3.35427   1.28521 1.02883 1.40932 686
 LH_687 0.35540 0.96060   3.37292   1.73388 1.11342 0.80274 687
 LH_688 0.26580 0.78060   1.95342   3.50642 1.43098 0.70760 688
 LH_689 0.33380 0.73060   0.60794   1.68646 1.38415 0.82302 689
 LH_690 0.17820 0.71380   0.66250   2.97729 0.72850 0.64752 690
 LH_691 0.13180 0.85620   0.48971   0.28997 1.01326 0.67596 691
 LH_692 0.31460 0.98580   2.98556   0.91891 1.20832 1.38607 692
 LH_693 0.20820 0.88260   0.45692   1.62225 1.12428 0.71947 693
 LH_694 0.43940 0.62420   1.11884   0.37319 1.86995 1.77154 694
 LH_695 0.26900 0.91900   0.64618   0.56097 0.76684 1.99585 695
 LH_696 0.33140 0.97300   0.25739   1.46409 1.58557 1.40153 696
 LH_697 0.33540 0.89060   0.57038   1.62676 0.92980 0.50035 697
 LH_698 0.26740 0.82580   0.47500   2.52801 1.24401 1.79378 698
 LH_699 0.41700 0.88220   0.88393   0.67175 1.88296 1.41323 699
 LH_700 0.21020 0.81260   0.68873   3.35427 0.81169 0.69016 700
 LH_701 0.28660 0.74380   1.85832   0.45692 1.47939 0.98829 701
 LH_702 0.43780 0.89180   1.54328   0.31425 1.03886 0.93109 702
 LH_703 0.48660 0.86100   1.10343   2.02511 0.76366 0.59915 703
 LH_704 0.19860 0.81220   0.41237   3.87447 1.54221 1.29146 704
 LH_705 0.31060 0.88140   1.03526   1.65864 1.85961 1.95206 705
 LH_706 0.26100 0.64340   1.28877   0.78895 0.87115 1.63241 706
 LH_707 0.38460 0.86340   0.61985   2.65737 1.83401 1.55941 707
 LH_708 0.21220 0.99180   1.47631   1.08523 1.26663 0.63156 708
 LH_709 0.45780 0.60460   1.08523   1.09733 1.30586 1.24747 709
 LH_710 0.27380 0.76540   0.92916   1.40444 1.20664 1.09809 710
 LH_711 0.32380 0.82100   0.44196   0.45313 0.63861 0.97198 711
 LH_712 0.22580 0.87020   3.47738   2.92817 0.92466 1.69466 712
 LH_713 0.16020 0.71740   3.56524   0.85500 0.90563 0.51015 713
 LH_714 0.48140 0.69940   0.60290   0.26026 0.81734 0.78949 714
 LH_715 0.36140 0.61260   0.89131   1.07326 0.70662 0.54450 715
 LH_716 0.22380 0.79500   2.35218   0.75891 1.75930 0.61771 716
 LH_717 0.23100 0.80820   0.30993   0.70613 0.69786 1.25093 717
 LH_718 0.20780 0.92580   3.02723   0.38156 0.99792 1.30767 718
 LH_719 0.10420 0.74700   3.30809   0.44566 1.46104 0.54905 719
 LH_720 0.41740 0.85420   2.02511   3.86375 1.14790 0.75315 720
 LH_721 0.30660 0.62300   0.45818   1.30315 0.64216 0.94148 721
 LH_722 0.11780 0.69020   0.34056   1.43197 0.85323 0.64573 722
 LH_723 0.41340 0.81380   0.76525   0.82702 0.92210 0.68634 723
 LH_724 0.25300 0.86540   1.13446   3.55537 1.44093 1.99861 724
 LH_725 0.14700 0.88060   0.79554   1.93724 0.61600 1.07549 725
 LH_726 0.11300 0.72380   0.57355   0.69834 0.62373 1.59881 726
 LH_727 0.46500 0.93180   2.56330   0.70809 0.65565 1.94666 727
 LH_728 0.10620 0.70220   0.45439   1.95342 0.54905 1.60547 728
 LH_729 0.47740 0.60220   2.59188   0.39229 0.79278 1.75200 729
 LH_730 0.38780 0.92420   3.72696   2.28786 0.54374 0.55981 730
 LH_731 0.26700 0.96660   0.44074   1.33607 0.93109 0.61515 731
 LH_732 0.34140 0.74620   1.26400   0.89379 0.77004 1.63921 732
 LH_733 0.42020 0.61380   3.90683   0.56409 1.50004 1.02314 733
 LH_734 0.27260 0.82540   3.51616   2.89588 1.45095 0.69112 734
 LH_735 0.48540 0.79660   2.45207   0.71400 1.58337 0.91573 735
 LH_736 0.32500 0.74340   0.57834   2.08782 0.73458 1.28254 736
 LH_737 0.12940 0.88500   1.15349   0.76102 1.50420 1.90132 737
 LH_738 0.21940 0.90020   3.88523   0.29895 1.61664 1.48968 738
 LH_739 0.17700 0.63700   3.49671   1.16635 0.56683 1.47325 739
 LH_740 0.28260 0.93860   0.34246   0.80441 0.86274 1.73989 740
 LH_741 0.27820 0.90620   1.95884   2.27521 1.74957 0.62201 741
 LH_742 0.25580 0.75380   0.48431   0.75471 0.81620 0.57554 742
 LH_743 0.10100 0.66260   0.84323   1.76786 0.64662 1.17365 743
 LH_744 0.20260 0.87460   0.96326   0.60458 0.68255 0.54299 744
 LH_745 0.41580 0.91300   0.45565   2.04202 0.59832 1.13682 745
 LH_746 0.43740 0.72620   2.76255   1.90528 1.66902 1.21504 746
 LH_747 0.13380 0.72740   1.98618   3.13834 0.53552 1.07998 747
 LH_748 0.19540 0.72140   0.27816   0.64439 1.77154 1.13524 748
 LH_749 0.35220 0.61060   1.88426   0.25596 1.19831 1.10420 749
 LH_750 0.37940 0.80460   2.78562   1.29594 0.97739 1.03311 750
 LH_751 0.19900 0.89380   3.46775   0.43709 0.52087 1.70173 751
 LH_752 0.23860 0.93740   0.70417   0.28440 1.58777 0.89317 752
 LH_753 0.26540 0.94260   1.04391   2.47255 0.83915 0.57794 753
 LH_754 0.49140 0.75540   0.39121   3.12965 1.74473 0.66665 754
 LH_755 0.21500 0.88580   1.68179   3.06949 1.58118 1.90660 755
 LH_756 0.12780 0.88020   1.60436   0.92146 0.91955 0.92852 756
 LH_757 0.36620 0.82500   0.51907   0.51907 1.09202 1.00905 757
 LH_758 0.47420 0.65460   0.52341   1.69114 0.55517 0.90313 758
 LH_759 0.24020 0.71300   1.33607   2.60629 1.42306 0.83220 759
 LH_760 0.36820 0.67340   1.09429   0.66619 1.14949 0.87965 760
 LH_761 0.35820 0.62700   3.15579   0.74432 1.17202 0.62460 761
 LH_762 0.33500 0.71420   2.21914   0.29730 1.24747 0.52377 762
 LH_763 0.17980 0.75180   1.82766   3.14705 0.75628 0.82874 763
 LH_764 0.21860 0.72980   1.72429   0.64618 0.59750 1.36699 764
 LH_765 0.40860 0.93500   2.17046   0.76313 1.59881 0.65838 765
 LH_766 0.26620 0.95260   1.29235   2.70195 0.74898 0.84499 766
 LH_767 0.24820 0.80340   1.96973   0.42988 0.64573 0.59337 767
 LH_768 0.15140 0.89740   0.63728   1.93187 1.43893 0.72447 768
 LH_769 0.19100 0.77660   0.25667   0.96862 1.14314 1.11961 769
 LH_770 0.13860 0.91060   0.69064   3.44857 1.37650 0.89938 770
 LH_771 0.42060 0.78660   0.42632   0.41581 0.51228 1.59218 771
 LH_772 0.43700 0.99140   0.56097   1.48041 1.23029 0.98146 772
 LH_773 0.22820 0.87140   2.84810   1.91587 1.96020 1.38032 773
 LH_774 0.19380 0.97860   0.38797   2.86394 1.04754 0.60500 774
 LH_775 0.40100 0.65940   2.28153   0.30821 0.77218 0.87357 775
 LH_776 0.19580 0.74780   3.74769   1.15029 1.55294 0.54601 776
 LH_777 0.16860 0.86220   1.48865   0.26389 1.71119 0.71055 777
 LH_778 0.31420 0.81060   0.51477   1.39668 0.98829 1.58337 778
 LH_779 0.47540 0.80380   2.90392   0.54563 1.19499 0.60668 779
 LH_780 0.36740 0.81660   0.55478   2.35871 0.75315 1.53794 780
 LH_781 0.33660 0.98940   0.64439   2.09362 1.19997 1.37841 781
 LH_782 0.14900 0.67860   1.58227   2.19466 0.58520 1.36320 782
 LH_783 0.40500 0.99500   2.01950   3.42950 0.94278 1.71832 783
 LH_784 0.30740 0.64660   0.38051   0.28519 1.25266 1.52309 784
 LH_785 0.29420 0.66060   0.37216   1.49278 0.86514 0.85797 785
 LH_786 0.23300 0.96220   0.64082   1.16959 1.70409 1.77892 786
 LH_787 0.33940 0.96260   0.75471   0.93952 1.21841 1.68063 787
 LH_788 0.24220 0.89620   1.64947   0.73816 1.21672 0.80608 788
 LH_789 0.48700 0.92100   0.79114   0.36098 0.51584 0.97603 789
 LH_790 0.48300 0.62180   1.06142   0.83857 0.91573 0.60584 790
 LH_791 0.25340 0.69580   2.47942   2.36526 1.07252 1.05482 791
 LH_792 0.14380 0.94340   0.90125   2.43851 1.95206 0.73560 792
 LH_793 0.42300 0.63820   1.23285   1.86865 0.74175 0.80497 793
 LH_794 0.16700 0.98620   0.42514   0.60963 1.13682 1.35754 794
 LH_795 0.16340 0.70100   0.79996   0.85027 1.39185 0.97874 795
 LH_796 0.41860 0.60100   0.35209   0.47500 1.02456 1.48555 796
 LH_797 0.22220 0.89340   0.28283   0.45439 1.95748 1.14949 797
 LH_798 0.34700 0.76900   1.21926   1.12506 1.02598 1.21672 798
 LH_799 0.26780 0.84660   1.47223   1.75321 1.90924 1.56808 799
 LH_800 0.11620 0.86740   2.43176   0.33962 0.84265 0.78404 800
 LH_801 0.12980 0.62260   2.31980   0.98760 0.71351 1.32225 801
 LH_802 0.37020 0.92740   0.43588   1.16312 1.72548 0.53924 802
 LH_803 0.30300 0.82060   1.74836   0.55478 0.67971 0.88332 803
 LH_804 0.16740 0.97340   0.25244   1.15349 1.16393 1.51887 804
 LH_805 0.21180 0.73900   2.31338   1.14393 1.01466 0.58439 805
 LH_806 0.17100 0.79820   1.56049   3.62505 0.57395 0.92723 806
 LH_807 0.31100 0.64380   0.84090   0.52196 0.79388 0.77004 807
 LH_808 0.45940 0.71700   0.88884   1.41618 1.80375 0.82645 808
 LH_809 0.34180 0.66020   1.07029   3.85305 0.65474 1.27544 809
 LH_810 0.19660 0.61860   0.47897   0.47764 1.99861 1.11342 810
 LH_811 0.41420 0.84540   1.29594   1.05263 1.03598 0.74072 811
 LH_812 0.17540 0.68820   1.27810   0.50628 1.07998 1.41128 812
 LH_813 0.27020 0.69100   3.23553   0.62851 0.60500 0.88209 813
 LH_814 0.35300 0.94740   0.54412   2.31980 1.53156 1.28432 814
 LH_815 0.44140 0.94540   0.76737   0.64082 0.73560 0.80720 815
 LH_816 0.28540 0.63300   0.45946   0.25314 0.68634 1.11651 816
 LH_817 0.33340 0.68980   2.54912   0.73408 1.37459 0.72046 817
 LH_818 0.46380 0.97660   1.51782   0.58156 0.65022 0.73357 818
 LH_819 0.48420 0.87740   1.77276   1.29954 0.84968 1.53368 819
 LH_820 0.15740 0.74100   2.09362   0.34341 0.83799 0.86874 820
 LH_821 0.39940 0.61820   1.07923   3.61501 1.27544 1.42306 821
 LH_822 0.48820 0.65820   2.14058   3.19984 0.85086 1.83147 822
 LH_823 0.34220 0.64740   3.43903   0.36806 0.51299 1.85446 823
 LH_824 0.31500 0.96100   1.64035   1.85318 0.80385 1.74231 824
 LH_825 0.25820 0.68140   3.80000   2.81669 1.20164 1.57680 825
 LH_826 0.46180 0.61660   0.92659   0.31600 0.77755 1.37078 826
 LH_827 0.17860 0.94940   0.31425   0.53663 0.83220 1.88035 827
 LH_828 0.46060 0.62220   3.75809   2.54912 1.18838 1.15269 828
 LH_829 0.16420 0.90260   0.25384   3.69609 1.59218 0.60332 829
 LH_830 0.49180 0.71940   3.33572   0.78676 1.07103 0.55210 830
 LH_831 0.24180 0.64060   0.30821   1.27456 1.40737 0.81394 831
 LH_832 0.10900 0.64100   1.36983   1.87384 0.61515 0.54753 832
 LH_833 0.16060 0.94700   0.36198   1.75808 0.73867 1.17854 833
 LH_834 0.14420 0.90740   0.69641   0.26462 1.54007 1.60993 834
 LH_835 0.17060 0.79140   0.91130   1.47223 1.34817 0.89440 835
 LH_836 0.23940 0.60180   2.52101   3.07801 1.89080 1.65749 836
 LH_837 0.12860 0.76300   0.32130   3.40110 0.55594 1.34071 837
 LH_838 0.45180 0.68620   1.42405   0.28126 0.99931 0.95198 838
 LH_839 0.27740 0.69620   1.81756   3.26255 0.51513 0.73765 839
 LH_840 0.19260 0.90660   1.65864   1.25701 1.21167 0.75524 840
 LH_841 0.10140 0.66820   1.16635   0.35209 0.93368 0.75733 841
 LH_842 0.40740 0.79900   2.74727   0.83162 1.63921 1.09505 842
 LH_843 0.28740 0.77500   0.26536   3.77899 0.90815 1.25266 843
 LH_844 0.44100 0.96460   1.18263   1.48452 0.96929 1.13210 844
 LH_845 0.46420 0.68260   3.38229   2.87189 0.60836 1.93858 845
 LH_846 0.46300 0.84300   0.96862   1.10957 1.16878 1.22519 846
 LH_847 0.48260 0.74140   0.35503   1.52626 0.65293 1.16716 847
 LH_848 0.36060 0.90780   0.67549   0.28837 1.54864 1.32777 848
 LH_849 0.14460 0.95140   2.46570   0.44813 1.85703 0.54829 849
 LH_850 0.20220 0.65540   0.29895   0.79554 1.33515 1.83910 850
 LH_851 0.19220 0.94660   0.41581   3.11234 0.50663 1.63467 851
 LH_852 0.15700 0.78300   0.76102   0.71203 1.31677 0.69400 852
 LH_853 0.15340 0.63860   0.37527   1.23628 0.57236 0.62373 853
 LH_854 0.28820 0.77100   0.63200   2.05338 0.57634 1.86995 854
 LH_855 0.33100 0.99300   0.30313   0.41466 0.97603 1.11497 855
 LH_856 0.46980 0.76140   1.93724   0.31776 1.92252 0.78513 856
 LH_857 0.28980 0.83140   0.86214   2.20076 1.55079 0.58764 857
 LH_858 0.37860 0.60660   0.84792   1.54756 1.72309 0.97739 858
 LH_859 0.37620 0.85060   0.40556   2.95263 0.54601 0.71847 859
 LH_860 0.11500 0.83380   1.52203   0.61302 0.56292 0.74175 860
 LH_861 0.30580 0.92260   2.16445   2.00277 0.60416 1.23885 861
 LH_862 0.49700 0.71220   1.52626   3.74769 0.60752 1.29325 862
 LH_863 0.17220 0.87940   3.39168   1.13761 0.98282 0.54224 863
 LH_864 0.36300 0.95340   0.30907   0.58479 1.18345 1.89605 864
 LH_865 0.18900 0.82820   0.25882   0.33309 0.93498 1.63014 865
 LH_866 0.49060 0.80620   0.28837   0.53812 0.67689 0.76260 866
 LH_867 0.42660 0.99220   0.42045   0.32309 0.52741 0.76154 867
 LH_868 0.29820 0.94220   0.42750   2.82451 1.81127 0.91193 868
 LH_869 0.47900 0.91540   1.71475   1.52203 1.86477 0.84616 869
 LH_870 0.20860 0.97420   2.38502   0.81564 0.98418 0.95066 870
 LH_871 0.45140 0.98260   2.11697   3.28980 1.71832 0.68255 871
 LH_872 0.39780 0.60260   0.36400   1.13446 0.75002 0.50523 872
 LH_873 0.36940 0.63780   1.84293   0.36299 0.56214 0.74278 873
 LH_874 0.40980 0.94580   0.44319   0.29078 0.82074 1.92252 874
 LH_875 0.20900 0.97220   0.44566   0.66067 0.79499 1.96292 875
 LH_876 0.26060 0.82460   1.38511   0.51477 0.67877 1.49589 876
 LH_877 0.17420 0.67580   1.56482   1.23285 1.30405 0.54374 877
 LH_878 0.34260 0.76660   0.66434   0.93692 0.78513 1.35566 878
 LH_879 0.30220 0.73260   3.03564   2.25636 0.55057 1.61440 879
 LH_880 0.41620 0.86500   0.26981   0.89876 0.73255 1.14631 880
 LH_881 0.35140 0.73580   1.11574   0.47369 0.99103 1.69232 881
 LH_882 0.32620 0.69980   0.33033   3.34499 1.23371 1.14314 882
 LH_883 0.45020 0.66380   1.35097   0.91130 0.57554 0.51228 883
 LH_884 0.37500 0.61580   2.35871   1.32501 0.94148 0.64038 884
 LH_885 0.38300 0.63940   0.39012   0.89131 1.18509 1.26138 885
 LH_886 0.43860 0.73940   1.71000   1.82260 0.92083 0.51370 886
 LH_887 0.17460 0.60340   0.35306   1.90000 0.87721 1.11034 887
 LH_888 0.11340 0.65740   1.46003   1.71951 0.87965 1.86477 888
 LH_889 0.41300 0.88300   1.01255   0.48835 0.78731 0.72850 889
 LH_890 0.30500 0.81500   1.98069   2.61353 1.81630 1.23371 890
 LH_891 0.25660 0.84500   2.06480   1.56049 0.70760 1.17202 891
 LH_892 0.33420 0.94900   0.76950   0.50208 0.52814 1.86736 892
 LH_893 0.10860 0.84580   0.46587   2.91198 0.66665 1.73508 893
 LH_894 0.34460 0.62740   0.32851   0.74846 0.57955 1.46307 894
 LH_895 0.29180 0.78780   1.94801   1.00417 1.37078 0.62894 895
 LH_896 0.42540 0.83060   0.87904   2.01391 0.59999 0.60752 896
 LH_897 0.23460 0.94060   0.73611   1.02385 1.64832 0.52232 897
 LH_898 0.10060 0.66700   0.58317   0.42162 0.91447 0.86514 898
 LH_899 0.46660 0.83540   3.16455   0.26316 0.53700 1.06069 899
 LH_900 0.22180 0.85460   0.43952   1.63580 1.82134 1.27721 900
 LH_901 0.39100 0.88820   1.59992   1.22264 1.28967 0.64216 901
 LH_902 0.39820 0.84140   0.95528   1.15669 0.55287 0.71747 902
 LH_903 0.27980 0.67500   2.23148   1.73869 1.52520 1.44093 903
 LH_904 0.39460 0.69420   1.59107   1.18591 0.51656 0.83799 904
 LH_905 0.18140 0.99940   0.63025   1.96973 1.25093 0.80832 905
 LH_906 0.12220 0.77020   1.78262   1.91057 0.94540 0.70368 906
 LH_907 0.27060 0.96340   2.30697   0.42750 0.84148 1.94127 907
 LH_908 0.46140 0.66420   2.09943   0.49107 1.43495 1.12896 908
 LH_909 0.40700 0.88180   1.35472   3.90683 0.58196 1.13997 909
 LH_910 0.20060 0.74740   0.40782   1.37745 1.01045 1.50004 910
 LH_911 0.30100 0.92140   0.41928   0.73611 0.61685 1.65519 911
 LH_912 0.40340 0.83300   1.63127   0.77809 0.89813 0.70174 912
 LH_913 0.22740 0.62620   2.12285   1.04102 1.47734 1.08448 913
 LH_914 0.12500 0.62500   0.33125   2.56330 0.57875 0.81169 914
 LH_915 0.44180 0.73980   0.40109   0.46587 0.59502 1.10880 915
 LH_916 0.45100 0.74660   2.00277   0.25525 0.60165 0.50313 916
 LH_917 0.35740 0.97940   0.80218   1.78757 1.13053 0.73458 917
 LH_918 0.49540 0.65900   1.15669   0.48700 1.04464 0.56214 918
 LH_919 0.17660 0.69660   0.28757   0.43227 0.58845 1.58118 919
 LH_920 0.28100 0.85260   0.64977   2.78562 0.65656 0.52888 920
 LH_921 0.16900 0.67700   1.13131   0.76737 0.94934 1.12584 921
 LH_922 0.25860 0.99900   3.06949   1.21588 0.95727 1.96837 922
 LH_923 0.34900 0.69540   0.70809   2.88786 1.97110 1.18181 923
 LH_924 0.38260 0.73500   1.39668   0.74021 1.32593 1.81882 924
 LH_925 0.32420 0.63340   0.58968   3.08656 1.84165 0.67408 925
 LH_926 0.16940 0.81700   2.14652   0.77164 0.71450 0.92083 926
 LH_927 0.30980 0.93540   0.47107   0.84557 0.50104 1.28076 927
 LH_928 0.22780 0.92380   0.72196   2.87986 1.80876 1.92519 928
 LH_929 0.49340 0.62460   2.00834   2.98556 1.27899 0.75002 929
 LH_930 0.21420 0.63740   2.22530   0.42279 1.59438 0.56292 930
 LH_931 0.37460 0.68580   0.91637   0.32669 1.24057 0.81507 931
 LH_932 0.43820 0.70380   1.55186   0.62157 1.26839 1.49381 932
 LH_933 0.24740 0.97380   2.50012   0.43588 1.12272 1.03025 933
 LH_934 0.38740 0.62980   1.53901   3.49671 1.43694 0.52668 934
 LH_935 0.37380 0.85380   0.34628   0.27662 0.58116 0.67971 935
 LH_936 0.28460 0.62380   0.48297   1.44393 0.80274 0.55287 936
 LH_937 0.26420 0.99540   2.01391   0.41237 0.81507 0.83683 937
 LH_938 0.27220 0.70140   2.57755   2.21914 0.64127 1.41716 938
 LH_939 0.29500 0.87180   1.21588   3.36359 0.84616 1.57243 939
 LH_940 0.44740 0.90140   1.02385   1.59549 1.42109 1.49174 940
 LH_941 0.15220 0.81140   1.24660   2.73208 0.88087 0.87721 941
 LH_942 0.14540 0.67980   0.71598   3.67565 1.94936 0.96795 942
 LH_943 0.41820 0.73140   0.25953   0.29813 1.15429 1.50212 943
 LH_944 0.21260 0.63620   0.61814   1.68179 0.85204 1.54864 944
 LH_945 0.43420 0.83460   2.60629   0.28283 0.88946 1.89080 945
 LH_946 0.38220 0.60860   0.68682   0.44938 1.08298 0.87478 946
 LH_947 0.47580 0.83220   1.07326   0.38689 1.33145 1.27015 947
 LH_948 0.11460 0.82940   1.44794   0.46846 0.92338 1.58557 948
 LH_949 0.24300 0.95660   1.40444   0.85738 0.87236 0.57157 949
 LH_950 0.31940 0.95780   2.66475   0.87418 0.67222 1.15749 950
 LH_951 0.40940 0.76180   0.41351   2.39164 1.35754 1.43296 951
 LH_952 0.44540 0.97740   1.01537   0.29159 0.59091 0.76578 952
 LH_953 0.44340 0.71540   1.51362   0.80888 1.64148 1.25440 953
 LH_954 0.14100 0.70700   2.80111   0.59791 0.96259 1.01185 954
 LH_955 0.42780 0.88340   0.26832   0.66434 1.45902 1.09657 955
 LH_956 0.34500 0.91660   3.45815   1.65405 0.76791 0.64483 956
 LH_957 0.29940 0.76460   1.02954   0.31864 0.83105 0.72648 957
 LH_958 0.43460 0.92500   0.45188   1.64947 1.45700 0.84148 958
 LH_959 0.45220 0.64620   0.59296   0.49931 0.52304 0.62807 959
 LH_960 0.14260 0.70260   0.41466   1.07029 0.54224 0.78622 960
 LH_961 0.24540 0.61620   1.72907   1.20581 1.38992 0.73969 961
 LH_962 0.45540 0.73220   3.76853   3.41054 0.80720 1.29684 962
 LH_963 0.28020 0.78740   0.54867   0.51051 1.23200 0.55903 963
 LH_964 0.14340 0.69820   1.44393   0.29321 1.00069 0.91067 964
 LH_965 0.14820 0.94620   0.34724   0.31165 1.84933 0.66943 965
 LH_966 0.29980 0.72500   1.37364   1.04681 0.72146 1.95748 966
 LH_967 0.38180 0.89980   0.80664   3.63511 0.58358 0.79169 967
 LH_968 0.25780 0.91140   1.61328   0.34151 1.26138 0.61344 968
 LH_969 0.21100 0.85980   0.35998   1.29235 1.36699 1.43893 969
 LH_970 0.34300 0.83420   3.93947   1.42800 0.74278 1.34630 970
 LH_971 0.17140 0.78020   3.52592   3.02723 1.57462 0.57875 971
 LH_972 0.33460 0.78620   2.27521   0.60794 1.10573 0.93498 972
 LH_973 0.49460 0.94380   1.12506   1.00975 0.53999 0.60921 973
 LH_974 0.15300 0.72940   0.46846   3.20872 1.51257 0.94409 974
 LH_975 0.41060 0.93460   3.66547   3.27161 1.01185 0.75838 975
 LH_976 0.32580 0.78580   1.83783   3.15579 0.52888 0.59584 976
 LH_977 0.48220 0.93900   0.48835   3.17334 0.79059 1.24574 977
 LH_978 0.23220 0.77860   3.25352   0.75262 1.12740 1.94396 978
 LH_979 0.10260 0.86700   0.41123   3.12098 0.67783 0.54525 979
 LH_980 0.29300 0.84060   0.31252   1.94801 0.75733 1.16231 980
 LH_981 0.48340 0.72820   3.22657   3.78948 1.09051 0.51656 981
 LH_982 0.26500 0.96180   3.68586   0.60626 0.55133 1.39765 982
 LH_983 0.37540 0.73020   0.71797   0.55942 0.71648 1.75443 983
 LH_984 0.36260 0.84340   0.53071   1.21251 1.83655 0.76366 984
 LH_985 0.43060 0.75700   2.89588   0.34436 0.50313 1.57026 985
 LH_986 0.42460 0.66300   0.28126   0.49792 0.89317 1.33330 986
 LH_987 0.20340 0.77140   0.25810   0.84090 1.22859 1.55079 987
 LH_988 0.20540 0.76860   1.92119   0.27056 0.82416 0.56683 988
 LH_989 0.36380 0.71620   2.26263   0.41928 1.97931 0.85916 989
 LH_990 0.14060 0.95740   0.65157   0.48565 0.64752 0.53255 990
 LH_991 0.45820 0.97980   1.04972   0.54111 1.17854 1.26839 991
 LH_992 0.41940 0.96940   2.65737   0.25244 1.04030 1.93053 992
 LH_993 0.43140 0.85900   0.28917   1.20247 1.25963 0.59419 993
 LH_994 0.44420 0.82260   0.55633   0.90375 1.39378 1.94936 994
 LH_995 0.13420 0.72020   0.48163   0.25174 1.74231 0.76684 995
 LH_996 0.18540 0.79780   0.30566   1.79751 1.51887 0.53403 996
 LH_997 0.15820 0.78540   0.93952   2.23148 1.85446 1.32961 997
 LH_998 0.38540 0.97780   0.93692   0.42869 1.48761 1.32042 998
 LH_999 0.43220 0.61420   1.28521   0.35799 1.15910 0.86754 999
1P_1_n5 0.10000 0.80000   1.00000   1.00000 1.00000 1.00000 67
1P_1_n4 0.14000 0.80000   1.00000   1.00000 1.00000 1.00000 67
1P_1_n3 0.18000 0.80000   1.00000   1.00000 1.00000 1.00000 67
1P_1_n2 0.22000 0.80000   1.00000   1.00000 1.00000 1.00000 67
1P_1_n1 0.26000 0.80000   1.00000   1.00000 1.00000 1.00000 67
 1P_1_1 0.34000 0.80000   1.00000   1.00000 1.00000 1.00000 67
 1P_1_2 0.38000 0.80000   1.00000   1.00000 1.00000 1.00000 67
 1P_1_3 0.42000 0.80000   1.00000   1.00000 1.00000 1.00000 67
 1P_1_4 0.46000 0.80000   1.00000   1.00000 1.00000 1.00000 67
 1P_1_5 0.50000 0.80000   1.00000   1.00000 1.00000 1.00000 67
1P_2_n5 0.30000 0.60000   1.00000   1.00000 1.00000 1.00000 67
1P_2_n4 0.30000 0.64000   1.00000   1.00000 1.00000 1.00000 67
1P_2_n3 0.30000 0.68000   1.00000   1.00000 1.00000 1.00000 67
1P_2_n2 0.30000 0.72000   1.00000   1.00000 1.00000 1.00000 67
1P_2_n1 0.30000 0.76000   1.00000   1.00000 1.00000 1.00000 67
 1P_2_1 0.30000 0.84000   1.00000   1.00000 1.00000 1.00000 67
 1P_2_2 0.30000 0.88000   1.00000   1.00000 1.00000 1.00000 67
 1P_2_3 0.30000 0.92000   1.00000   1.00000 1.00000 1.00000 67
 1P_2_4 0.30000 0.96000   1.00000   1.00000 1.00000 1.00000 67
 1P_2_5 0.30000 1.00000   1.00000   1.00000 1.00000 1.00000 67
1P_3_n5 0.30000 0.80000   0.25000   1.00000 1.00000 1.00000 67
1P_3_n4 0.30000 0.80000   0.32988   1.00000 1.00000 1.00000 67
1P_3_n3 0.30000 0.80000   0.43528   1.00000 1.00000 1.00000 67
1P_3_n2 0.30000 0.80000   0.57435   1.00000 1.00000 1.00000 67
1P_3_n1 0.30000 0.80000   0.75786   1.00000 1.00000 1.00000 67
 1P_3_1 0.30000 0.80000   1.31951   1.00000 1.00000 1.00000 67
 1P_3_2 0.30000 0.80000   1.74110   1.00000 1.00000 1.00000 67
 1P_3_3 0.30000 0.80000   2.29740   1.00000 1.00000 1.00000 67
 1P_3_4 0.30000 0.80000   3.03143   1.00000 1.00000 1.00000 67
 1P_3_5 0.30000 0.80000   4.00000   1.00000 1.00000 1.00000 67
1P_4_n5 0.30000 0.80000   1.00000   0.25000 1.00000 1.00000 67
1P_4_n4 0.30000 0.80000   1.00000   0.32988 1.00000 1.00000 67
1P_4_n3 0.30000 0.80000   1.00000   0.43528 1.00000 1.00000 67
1P_4_n2 0.30000 0.80000   1.00000   0.57435 1.00000 1.00000 67
1P_4_n1 0.30000 0.80000   1.00000   0.75786 1.00000 1.00000 67
 1P_4_1 0.30000 0.80000   1.00000   1.31951 1.00000 1.00000 67
 1P_4_2 0.30000 0.80000   1.00000   1.74110 1.00000 1.00000 67
 1P_4_3 0.30000 0.80000   1.00000   2.29740 1.00000 1.00000 67
 1P_4_4 0.30000 0.80000   1.00000   3.03143 1.00000 1.00000 67
 1P_4_5 0.30000 0.80000   1.00000   4.00000 1.00000 1.00000 67
1P_5_n5 0.30000 0.80000   1.00000   1.00000 0.50000 1.00000 67
1P_5_n4 0.30000 0.80000   1.00000   1.00000 0.57435 1.00000 67
1P_5_n3 0.30000 0.80000   1.00000   1.00000 0.65975 1.00000 67
1P_5_n2 0.30000 0.80000   1.00000   1.00000 0.75786 1.00000 67
1P_5_n1 0.30000 0.80000   1.00000   1.00000 0.87055 1.00000 67
 1P_5_1 0.30000 0.80000   1.00000   1.00000 1.14870 1.00000 67
 1P_5_2 0.30000 0.80000   1.00000   1.00000 1.31951 1.00000 67
 1P_5_3 0.30000 0.80000   1.00000   1.00000 1.51572 1.00000 67
 1P_5_4 0.30000 0.80000   1.00000   1.00000 1.74110 1.00000 67
 1P_5_5 0.30000 0.80000   1.00000   1.00000 2.00000 1.00000 67
1P_6_n5 0.30000 0.80000   1.00000   1.00000 1.00000 0.50000 67
1P_6_n4 0.30000 0.80000   1.00000   1.00000 1.00000 0.57435 67
1P_6_n3 0.30000 0.80000   1.00000   1.00000 1.00000 0.65975 67
1P_6_n2 0.30000 0.80000   1.00000   1.00000 1.00000 0.75786 67
1P_6_n1 0.30000 0.80000   1.00000   1.00000 1.00000 0.87055 67
 1P_6_1 0.30000 0.80000   1.00000   1.00000 1.00000 1.14870 67
 1P_6_2 0.30000 0.80000   1.00000   1.00000 1.00000 1.31951 67
 1P_6_3 0.30000 0.80000   1.00000   1.00000 1.00000 1.51572 67
 1P_6_4 0.30000 0.80000   1.00000   1.00000 1.00000 1.74110 67
 1P_6_5 0.30000 0.80000   1.00000   1.00000 1.00000 2.00000 67
   CV_0 0.30000 0.80000   1.00000   1.00000 1.00000 1.00000 1
   CV_1 0.30000 0.80000   1.00000   1.00000 1.00000 1.00000 2
   CV_2 0.30000 0.80000   1.00000   1.00000 1.00000 1.00000 3999666
   CV_3 0.30000 0.80000   1.00000   1.00000 1.00000 1.00000 4
   CV_4 0.30000 0.80000   1.00000   1.00000 1.00000 1.00000 5
   CV_5 0.30000 0.80000   1.00000   1.00000 1.00000 1.00000 6
   CV_6 0.30000 0.80000   1.00000   1.00000 1.00000 1.00000 7
   CV_7 0.30000 0.80000   1.00000   1.00000 1.00000 1.00000 8
   CV_8 0.30000 0.80000   1.00000   1.00000 1.00000 1.00000 9999666
   CV_9 0.30000 0.80000   1.00000   1.00000 1.00000 1.00000 10
  CV_10 0.30000 0.80000   1.00000   1.00000 1.00000 1.00000 11
  CV_11 0.30000 0.80000   1.00000   1.00000 1.00000 1.00000 12
  CV_12 0.30000 0.80000   1.00000   1.00000 1.00000 1.00000 13
  CV_13 0.30000 0.80000   1.00000   1.00000 1.00000 1.00000 14
  CV_14 0.30000 0.80000   1.00000   1.00000 1.00000 1.00000 15
  CV_15 0.30000 0.80000   1.00000   1.00000 1.00000 1.00000 16
  CV_16 0.30000 0.80000   1.00000   1.00000 1.00000 1.00000 17
  CV_17 0.30000 0.80000   1.00000   1.00000 1.00000 1.00000 18999666
  CV_18 0.30000 0.80000   1.00000   1.00000 1.00000 1.00000 19
  CV_19 0.30000 0.80000   1.00000   1.00000 1.00000 1.00000 20
  CV_20 0.30000 0.80000   1.00000   1.00000 1.00000 1.00000 21
  CV_21 0.30000 0.80000   1.00000   1.00000 1.00000 1.00000 22
  CV_22 0.30000 0.80000   1.00000   1.00000 1.00000 1.00000 23
  CV_23 0.30000 0.80000   1.00000   1.00000 1.00000 1.00000 24
  CV_24 0.30000 0.80000   1.00000   1.00000 1.00000 1.00000 25
  CV_25 0.30000 0.80000   1.00000   1.00000 1.00000 1.00000 26
  CV_26 0.30000 0.80000   1.00000   1.00000 1.00000 1.00000 27
