1.428571428571428492e-01
1.666666666666666574e-01
2.000000000000000111e-01
2.222222222222222099e-01
2.500000000000000000e-01
2.622410638307586250e-01
2.750815022363520823e-01
2.885506631464966887e-01
3.026793314904327459e-01
3.174997995585355781e-01
3.330459408091320239e-01
3.493532872892106123e-01
3.664591108459809288e-01
3.844025083148957522e-01
4.032244908788411575e-01
4.229680778027334331e-01
4.436783947577594978e-01
4.654027769599925479e-01
4.881908773591109862e-01
5.120947801244986053e-01
5.371691196881077657e-01
5.634712056161659266e-01
5.910611535951340034e-01
6.200020228312934645e-01
6.503599601780026829e-01
6.822043513200369835e-01
7.156079793605565342e-01
7.506471911731674718e-01
7.874020718992892354e-01
8.259566279896523033e-01
8.663989792082902319e-01
9.088215600378614090e-01
9.533213309466339602e-01
1.0000000000000000000000
