#Name  Omega_m  sigma_8  A_SN1     A_AGN1  A_SN2  A_AGN2  seed
   CV_0 0.30000 0.80000   1.00000   1.00000 1.00000 1.00000 1
   CV_1 0.30000 0.80000   1.00000   1.00000 1.00000 1.00000 2
   CV_2 0.30000 0.80000   1.00000   1.00000 1.00000 1.00000 3999666
   CV_3 0.30000 0.80000   1.00000   1.00000 1.00000 1.00000 4
   CV_4 0.30000 0.80000   1.00000   1.00000 1.00000 1.00000 5
   CV_5 0.30000 0.80000   1.00000   1.00000 1.00000 1.00000 6
   CV_6 0.30000 0.80000   1.00000   1.00000 1.00000 1.00000 7
   CV_7 0.30000 0.80000   1.00000   1.00000 1.00000 1.00000 8
   CV_8 0.30000 0.80000   1.00000   1.00000 1.00000 1.00000 9999666
   CV_9 0.30000 0.80000   1.00000   1.00000 1.00000 1.00000 10
  CV_10 0.30000 0.80000   1.00000   1.00000 1.00000 1.00000 11
  CV_11 0.30000 0.80000   1.00000   1.00000 1.00000 1.00000 12
  CV_12 0.30000 0.80000   1.00000   1.00000 1.00000 1.00000 13
  CV_13 0.30000 0.80000   1.00000   1.00000 1.00000 1.00000 14
  CV_14 0.30000 0.80000   1.00000   1.00000 1.00000 1.00000 15
  CV_15 0.30000 0.80000   1.00000   1.00000 1.00000 1.00000 16
  CV_16 0.30000 0.80000   1.00000   1.00000 1.00000 1.00000 17
  CV_17 0.30000 0.80000   1.00000   1.00000 1.00000 1.00000 18999666
  CV_18 0.30000 0.80000   1.00000   1.00000 1.00000 1.00000 19
  CV_19 0.30000 0.80000   1.00000   1.00000 1.00000 1.00000 20
  CV_20 0.30000 0.80000   1.00000   1.00000 1.00000 1.00000 21
  CV_21 0.30000 0.80000   1.00000   1.00000 1.00000 1.00000 22
  CV_22 0.30000 0.80000   1.00000   1.00000 1.00000 1.00000 23
  CV_23 0.30000 0.80000   1.00000   1.00000 1.00000 1.00000 24
  CV_24 0.30000 0.80000   1.00000   1.00000 1.00000 1.00000 25
  CV_25 0.30000 0.80000   1.00000   1.00000 1.00000 1.00000 26
  CV_26 0.30000 0.80000   1.00000   1.00000 1.00000 1.00000 27
