# Name Omega_m, sigma_8 ASN1 AAGN1 ASN2 AAGN2 Omega_b seed
SB7_0 0.16219 0.84301 0.48957 2.60766 0.71953 1.27525 0.057100 12000
SB7_1 0.31613 0.75013 1.04373 0.48896 1.16694 0.64220 0.016808 12001
SB7_2 0.49819 0.92322 0.53172 0.77634 1.69003 1.96707 0.089762 12002
SB7_3 0.23012 0.68329 3.68107 1.15349 0.70452 0.99027 0.048845 12003
SB7_4 0.28525 0.73790 2.17764 1.48611 0.98994 1.52100 0.070120 12004
SB7_5 0.44229 0.85597 0.93856 0.50603 1.19943 0.76980 0.030962 12005
SB7_6 0.37439 0.62046 1.92520 0.31145 1.66318 1.17303 0.063094 12006
SB7_7 0.10316 0.98523 0.25415 3.42854 0.50618 0.59348 0.023309 12007
SB7_8 0.12975 0.63865 0.80635 0.35782 0.59919 1.58584 0.080911 12008
SB7_9 0.39778 0.95493 2.42700 2.10172 1.98778 0.80512 0.040503 12009
SB7_10 0.41581 0.72169 0.32246 1.21220 1.01490 1.02849 0.053572 12010
SB7_11 0.26172 0.88507 1.58443 0.88094 0.82760 0.52197 0.012538 12011
SB7_12 0.20357 0.94296 1.26857 0.69150 0.58342 1.33023 0.066309 12012
SB7_13 0.47475 0.65145 0.38570 1.84394 1.44349 0.67141 0.027267 12013
SB7_14 0.34276 0.82210 3.30360 3.26261 1.41176 1.72534 0.079283 12014
SB7_15 0.18557 0.78393 0.61865 0.27449 0.84134 0.87055 0.039616 12015
SB7_16 0.18869 0.96653 1.81996 1.03025 1.52581 0.60866 0.077155 12016
SB7_17 0.33338 0.62656 0.28073 0.76537 0.55030 1.23218 0.036744 12017
SB7_18 0.45288 0.89967 2.30028 0.43022 0.90633 0.93886 0.069806 12018
SB7_19 0.21920 0.70680 0.85078 2.58147 1.31371 1.90000 0.028770 12019
SB7_20 0.26484 0.66459 0.58573 3.92147 1.86471 0.72959 0.050077 12020
SB7_21 0.40644 0.92933 3.48922 0.33726 0.63676 1.46964 0.011033 12021
SB7_22 0.37591 0.79383 0.44499 0.58791 0.77425 0.56268 0.083042 12022
SB7_23 0.14538 0.81191 1.09952 1.60148 1.08733 1.13302 0.043372 12023
SB7_24 0.11879 0.76513 2.99893 0.95391 1.27148 0.82987 0.060849 12024
SB7_25 0.35251 0.82849 0.65265 1.38648 0.93675 1.67550 0.020555 12025
SB7_26 0.43292 0.69525 1.39566 2.26488 0.54390 0.53821 0.073501 12026
SB7_27 0.28837 0.91156 0.36612 0.41573 1.54428 1.08626 0.032581 12027
SB7_28 0.24574 0.86627 0.34111 0.27060 1.09821 0.69206 0.086384 12028
SB7_29 0.47632 0.72808 1.43442 2.91405 0.76684 1.40543 0.047223 12029
SB7_30 0.30675 0.99873 0.76336 1.82541 0.65765 0.89762 0.059347 12030
SB7_31 0.16531 0.60725 2.67743 0.60845 1.80606 1.82228 0.019561 12031
SB7_32 0.16994 0.71251 1.17804 3.59993 1.59506 0.92971 0.087752 12032
SB7_33 0.30213 0.88059 0.43373 0.30976 0.52655 1.83729 0.048671 12033
SB7_34 0.48413 0.64587 3.53178 0.53706 0.94682 0.60275 0.055404 12034
SB7_35 0.23795 0.96060 0.55416 1.46223 1.25787 1.19157 0.015698 12035
SB7_36 0.29610 0.81840 0.90681 1.12262 1.78676 0.55453 0.064400 12036
SB7_37 0.42519 0.77553 2.25399 0.83301 0.66480 1.10098 0.024187 12037
SB7_38 0.35716 0.94785 0.28887 0.47079 0.74239 0.71900 0.072364 12038
SB7_39 0.11412 0.65789 1.69391 2.82820 1.13445 1.42800 0.031525 12039
SB7_40 0.13753 0.91756 2.73947 0.29452 1.32807 0.53153 0.053941 12040
SB7_41 0.38376 0.67607 0.71441 3.17534 0.89647 1.05324 0.014978 12041
SB7_42 0.40167 0.84750 1.52025 1.99988 0.56849 0.81961 0.081592 12042
SB7_43 0.26963 0.75931 0.33609 0.66581 1.47688 1.62462 0.042003 12043
SB7_44 0.21449 0.61402 0.37263 0.87614 1.05248 0.89187 0.078211 12044
SB7_45 0.45757 0.98034 1.31298 1.27280 0.79994 1.75637 0.037880 12045
SB7_46 0.32550 0.74631 0.70312 2.06794 0.62985 0.68759 0.066175 12046
SB7_47 0.19656 0.85967 2.90655 0.37977 1.88528 1.35455 0.025219 12047
SB7_48 0.18094 0.68919 0.26795 1.62764 0.81860 1.93856 0.067680 12048
SB7_49 0.34738 0.90395 1.90684 0.55394 1.02599 0.96220 0.028714 12049
SB7_50 0.46695 0.76923 0.97620 0.33910 1.92404 1.25681 0.075341 12050
SB7_51 0.21137 0.83729 2.00481 3.73479 0.61900 0.62403 0.035750 12051
SB7_52 0.25400 0.99190 3.98656 2.38016 0.86924 1.16165 0.084464 12052
SB7_53 0.42355 0.60197 0.51264 0.44683 1.36651 0.57391 0.044131 12053
SB7_54 0.39314 0.87429 1.04499 0.71330 1.45941 1.50619 0.052439 12054
SB7_55 0.13441 0.73140 0.46819 1.05857 0.57708 0.74437 0.011480 12055
SB7_56 0.11100 0.89087 0.62291 0.63192 0.68204 1.02181 0.073986 12056
SB7_57 0.36653 0.70271 3.14200 1.68307 1.74562 0.50309 0.034903 12057
SB7_58 0.44706 0.97414 0.42008 2.99415 1.15444 1.57563 0.061648 12058
SB7_59 0.28047 0.63263 1.21635 0.25220 0.72727 0.77601 0.021939 12059
SB7_60 0.23483 0.79051 1.63893 0.39170 0.51168 1.70398 0.058159 12060
SB7_61 0.49351 0.80390 0.29856 2.30188 1.64541 0.84413 0.017943 12061
SB7_62 0.32401 0.66987 2.54472 1.32047 1.23901 1.31369 0.086132 12062
SB7_63 0.15432 0.93616 0.80320 0.95914 0.95838 0.65102 0.045291 12063
SB7_64 0.15239 0.65393 3.20796 0.29960 0.58835 0.56650 0.071712 12064
SB7_65 0.31891 0.93916 0.63706 3.55939 1.42750 1.12538 0.031890 12065
SB7_66 0.48840 0.78727 1.18921 1.42053 1.39793 0.73454 0.064061 12066
SB7_67 0.23289 0.81920 0.41141 0.53299 0.85196 1.45973 0.024862 12067
SB7_68 0.27620 0.95199 0.30534 0.80843 0.60468 0.95037 0.056133 12068
SB7_69 0.44586 0.64193 1.67333 1.11224 1.96441 1.87700 0.015255 12069
SB7_70 0.36534 0.88143 0.78661 2.72349 1.00429 0.61612 0.088170 12070
SB7_71 0.10673 0.72431 2.48801 0.46376 0.83861 1.21726 0.047917 12071
SB7_72 0.13321 0.85273 1.86514 3.14594 0.98024 0.91109 0.065361 12072
SB7_73 0.38887 0.74090 0.26235 0.28583 1.21458 1.79535 0.025734 12073
SB7_74 0.41927 0.98265 2.04775 0.65586 1.67727 0.70244 0.077711 12074
SB7_75 0.25280 0.62416 0.99814 1.92585 0.50057 1.38466 0.038708 12075
SB7_76 0.20626 0.75387 0.50194 1.25846 0.71200 0.54334 0.082484 12076
SB7_77 0.46502 0.84049 3.89926 0.84743 1.18246 1.07602 0.041411 12077
SB7_78 0.34545 0.68613 0.47870 0.37689 1.70552 0.83778 0.054520 12078
SB7_79 0.17584 0.91985 1.06738 2.00898 0.69623 1.65970 0.014071 12079
SB7_80 0.19771 0.73061 0.72971 0.55741 1.10982 1.18741 0.051610 12080
SB7_81 0.32983 0.86253 2.80102 1.67315 0.75677 0.58629 0.011980 12081
SB7_82 0.46189 0.61063 0.32874 3.78244 0.65169 1.53964 0.083950 12082
SB7_83 0.21564 0.99589 1.48846 0.35107 1.82753 0.76048 0.044944 12083
SB7_84 0.27468 0.82550 1.34246 0.45299 1.28404 1.98042 0.076247 12084
SB7_85 0.40364 0.76837 0.38062 2.46834 0.92508 0.98359 0.035172 12085
SB7_86 0.38574 0.90786 2.84589 1.06990 0.53933 1.28391 0.068273 12086
SB7_87 0.14259 0.69782 0.68773 0.73599 1.56159 0.63787 0.027822 12087
SB7_88 0.11610 0.92605 0.42406 1.74541 1.84779 1.74177 0.085456 12088
SB7_89 0.36221 0.66753 1.15375 0.64064 0.64433 0.86234 0.045631 12089
SB7_90 0.43024 0.80929 0.56580 0.26021 0.78244 1.34290 0.057795 12090
SB7_91 0.29807 0.79747 3.61199 3.02621 1.07304 0.66508 0.018594 12091
SB7_92 0.24227 0.63036 2.20743 2.36623 1.51297 1.04392 0.062401 12092
SB7_93 0.48528 0.96404 0.88659 0.39416 0.55647 0.51426 0.021521 12093
SB7_94 0.30328 0.70970 1.73240 0.99298 0.91528 1.60963 0.074429 12094
SB7_95 0.17427 0.89633 0.29493 1.33733 1.29734 0.79322 0.034173 12095
SB7_96 0.16646 0.97659 0.66657 0.49220 1.06145 1.48795 0.063453 12096
SB7_97 0.31107 0.61655 3.06606 2.67972 0.79103 0.75350 0.022654 12097
SB7_98 0.48064 0.85683 0.35808 1.16784 0.62371 1.14758 0.070791 12098
SB7_99 0.24689 0.74969 1.36638 0.80404 1.90898 0.58094 0.030617 12099
SB7_100 0.29343 0.67931 1.46650 0.51319 1.34028 1.24833 0.089324 12100
SB7_101 0.43490 0.91457 0.34839 1.54067 0.88590 0.62827 0.049579 12101
SB7_102 0.35449 0.76189 2.62129 3.46415 0.56257 1.92548 0.056351 12102
SB7_103 0.12384 0.84381 0.74658 0.32147 1.49648 0.96873 0.017231 12103
SB7_104 0.14735 0.77847 0.27449 2.17888 1.76935 1.30130 0.079802 12104
SB7_105 0.38096 0.81511 1.78255 0.36289 0.67316 0.65722 0.038808 12105
SB7_106 0.41149 0.66154 0.86872 0.90927 0.74872 1.68790 0.067142 12106
SB7_107 0.26682 0.94522 2.35270 1.22479 1.12181 0.85217 0.026772 12107
SB7_108 0.22352 0.87811 3.41748 1.89488 1.57844 1.55233 0.052974 12108
SB7_109 0.45403 0.71630 0.57273 0.69609 0.53354 0.78765 0.013425 12109
SB7_110 0.33453 0.95727 1.12461 0.28427 0.95553 1.00671 0.080000 12110
SB7_111 0.19301 0.64876 0.45436 3.30322 1.24303 0.51063 0.041076 12111
SB7_112 0.18364 0.80010 2.47820 0.74001 0.51706 0.71415 0.083537 12112
SB7_113 0.33765 0.79299 0.82473 1.01897 1.62388 1.43770 0.042540 12113
SB7_114 0.46965 0.93327 1.54922 2.50865 1.22771 0.55078 0.050886 12114
SB7_115 0.20165 0.67320 0.31583 0.42681 0.96982 1.10846 0.010514 12115
SB7_116 0.25745 0.70599 0.39449 0.32719 0.68875 0.59545 0.069233 12116
SB7_117 0.41462 0.88793 1.29528 3.88643 1.72393 1.20618 0.029681 12117
SB7_118 0.39658 0.63525 0.60592 1.54267 1.14470 0.91845 0.076269 12118
SB7_119 0.12548 0.97049 3.23024 0.57892 0.73544 1.85982 0.037341 12119
SB7_120 0.10196 0.60496 1.02081 1.37409 0.86131 0.67742 0.059692 12120
SB7_121 0.37011 0.98867 0.47930 0.92545 1.38284 1.37488 0.018890 12121
SB7_122 0.43802 0.73510 3.75954 0.40936 1.47477 0.87868 0.087040 12122
SB7_123 0.28406 0.87172 0.54361 2.18172 0.56953 1.78272 0.046863 12123
SB7_124 0.22502 0.90142 0.91888 2.88213 0.81169 0.81188 0.073078 12124
SB7_125 0.49627 0.69294 2.12979 0.26164 1.03753 1.64010 0.033331 12125
SB7_126 0.31420 0.83391 0.25984 0.60362 1.94299 0.52651 0.060115 12126
SB7_127 0.15708 0.77207 1.96631 1.77392 0.61131 1.06327 0.020992 12127
SB7_128 0.15909 0.90676 0.31745 0.52248 1.26249 0.89403 0.081355 12128
SB7_129 0.31298 0.69966 1.60943 1.43739 0.94089 1.77113 0.042232 12129
SB7_130 0.49495 0.82665 0.82004 3.54362 0.52456 0.68952 0.054318 12130
SB7_131 0.22712 0.76659 2.38650 0.30175 1.60558 1.36553 0.014571 12131
SB7_132 0.28215 0.61182 3.35798 0.46295 1.12719 0.53005 0.065800 12132
SB7_133 0.43915 0.99377 0.60862 2.75046 0.74509 1.04485 0.025623 12133
SB7_134 0.37114 0.72936 1.24822 1.09325 0.66910 0.81757 0.078452 12134
SB7_135 0.10015 0.86460 0.39198 0.82025 1.77995 1.61106 0.037650 12135
SB7_136 0.12670 0.71158 0.52292 1.94493 1.48758 0.55288 0.055009 12136
SB7_137 0.39458 0.89528 3.74291 0.65473 0.56598 1.09232 0.016082 12137
SB7_138 0.41252 0.62843 0.49738 0.29001 0.89022 0.71714 0.087973 12138
SB7_139 0.25877 0.96505 1.02734 3.09223 1.33389 1.41634 0.048421 12139
SB7_140 0.20052 0.80731 1.95625 2.03284 1.87671 0.93218 0.072146 12140
SB7_141 0.47156 0.79882 0.25012 0.36945 0.63438 1.85246 0.031773 12141
SB7_142 0.33946 0.92807 2.14200 0.85351 0.80334 0.60453 0.064796 12142
SB7_143 0.18261 0.66624 0.95417 1.25287 1.04510 1.20095 0.023799 12143
SB7_144 0.19199 0.88321 1.40336 0.34857 0.61502 1.71771 0.061260 12144
SB7_145 0.33633 0.72316 0.36411 3.79927 1.93143 0.84647 0.022335 12145
SB7_146 0.45593 0.95016 2.98300 1.65352 1.03258 1.32478 0.074234 12146
SB7_147 0.22240 0.64302 0.65614 0.56863 0.81565 0.65262 0.034685 12147
SB7_148 0.26815 0.78519 0.75968 0.72538 0.57928 1.01332 0.085883 12148
SB7_149 0.40939 0.82045 2.69036 1.08848 1.44984 0.50186 0.045512 12149
SB7_150 0.37896 0.65605 0.34316 2.44413 1.36153 1.56299 0.058543 12150
SB7_151 0.14857 0.93797 1.42583 0.45378 0.87472 0.77382 0.017548 12151
SB7_152 0.12203 0.68513 2.31217 3.07878 0.72418 1.15212 0.075111 12152
SB7_153 0.35551 0.92178 0.84640 0.25647 1.16261 0.57240 0.035991 12153
SB7_154 0.43602 0.75492 1.80966 0.64175 1.75356 1.49440 0.068084 12154
SB7_155 0.29153 0.83861 0.28232 1.72828 0.67717 0.74220 0.028339 12155
SB7_156 0.24899 0.98394 0.44240 1.34328 0.96512 1.95389 0.052032 12156
SB7_157 0.47933 0.62214 1.10596 0.98591 1.23358 0.96508 0.011857 12157
SB7_158 0.30985 0.85139 0.58866 0.40209 1.63359 1.26712 0.084693 12158
SB7_159 0.16846 0.74287 3.47187 2.33846 0.51394 0.62566 0.043894 12159
SB7_160 0.17324 0.63723 1.52784 0.78977 0.69957 1.33413 0.053169 12160
SB7_161 0.30509 0.96914 0.33442 1.18571 1.69724 0.67671 0.012913 12161
SB7_162 0.48718 0.70397 2.72352 2.67690 1.17533 1.72989 0.081141 12162
SB7_163 0.24114 0.88922 0.71859 0.49674 0.71627 0.87775 0.040262 12163
SB7_164 0.29939 0.93139 0.69915 0.32026 0.50840 1.58170 0.079054 12164
SB7_165 0.42814 0.67425 2.92310 3.48664 1.65157 0.79856 0.039854 12165
SB7_166 0.36021 0.80203 0.37456 1.50926 1.19414 1.02541 0.066716 12166
SB7_167 0.11733 0.79199 1.30622 0.51963 0.99710 0.51788 0.026891 12167
SB7_168 0.14078 0.83271 3.55307 1.23275 0.82443 1.51725 0.089513 12168
SB7_169 0.38677 0.77420 0.55085 0.90585 1.02147 0.76336 0.049063 12169
SB7_170 0.40477 0.90267 1.17239 0.36744 1.99498 1.16979 0.057487 12170
SB7_171 0.27277 0.69086 0.43583 2.13444 0.59537 0.58874 0.016412 12171
SB7_172 0.21774 0.73620 0.28733 3.35378 0.84689 1.27885 0.062710 12172
SB7_173 0.46057 0.86988 1.70296 0.27923 1.40641 0.64739 0.023704 12173
SB7_174 0.32861 0.60381 0.91180 0.70251 1.43446 1.97188 0.070370 12174
SB7_175 0.19971 0.99045 2.24161 1.89288 0.58555 0.99857 0.030740 12175
SB7_176 0.17783 0.76059 0.41320 0.42291 1.31954 0.69776 0.073279 12176
SB7_177 0.34423 0.84583 1.23658 2.51129 0.89981 1.40908 0.032831 12177
SB7_178 0.46370 0.68065 0.63295 1.00361 0.54789 0.90474 0.061243 12178
SB7_179 0.20836 0.91259 3.09214 0.75337 1.53652 1.82771 0.020171 12179
SB7_180 0.25090 0.85783 2.58532 0.57174 1.07955 0.82339 0.058951 12180
SB7_181 0.42039 0.74777 0.79059 1.57478 0.77778 1.67057 0.019948 12181
SB7_182 0.38989 0.97554 1.61185 3.86137 0.64125 0.53381 0.086602 12182
SB7_183 0.13141 0.61843 0.30358 0.32842 1.85680 1.08339 0.046974 12183
SB7_184 0.10795 0.95935 0.96056 2.22714 1.55401 0.72372 0.069430 12184
SB7_185 0.36333 0.64751 2.03749 0.40429 0.54191 1.46553 0.029177 12185
SB7_186 0.44377 0.87599 0.27236 0.92894 0.93061 0.55799 0.077393 12186
SB7_187 0.27752 0.71749 1.87597 1.36522 1.27630 1.13029 0.036515 12187
SB7_188 0.23177 0.65976 1.06273 1.77581 1.79953 0.61379 0.082801 12188
SB7_189 0.49030 0.94637 0.46037 0.59810 0.66189 1.23524 0.043603 12189
SB7_190 0.32071 0.78030 3.92462 0.26636 0.76978 0.94641 0.050452 12190
SB7_191 0.15136 0.81401 0.52073 2.83868 1.09115 1.90530 0.010630 12191
SB7_192 0.15563 0.79580 2.08039 1.14838 1.89655 1.54825 0.067372 12192
SB7_193 0.32191 0.81057 0.98246 0.78192 0.62605 0.78119 0.026531 12193
SB7_194 0.49150 0.66256 1.83431 0.47931 0.79606 1.00376 0.079399 12194
SB7_195 0.23605 0.93062 0.26676 2.63862 1.05752 0.50664 0.039183 12195
SB7_196 0.27945 0.89779 0.47087 3.37002 1.50227 1.30520 0.080407 12196
SB7_197 0.44887 0.70785 1.08515 0.31600 0.55893 0.66241 0.040699 12197
SB7_198 0.36843 0.96845 0.51003 0.50515 0.88274 1.69232 0.052745 12198
SB7_199 0.10988 0.62556 3.83741 1.50083 1.34885 0.85917 0.013663 12199
SB7_200 0.13651 0.99753 1.20941 0.89382 1.11697 1.25178 0.071179 12200
SB7_201 0.39182 0.60937 0.40454 1.19150 0.75395 0.63333 0.030220 12201
SB7_202 0.42233 0.86752 3.15817 2.12255 0.67617 1.93023 0.063204 12202
SB7_203 0.25600 0.72601 0.64711 0.35720 1.75655 0.97691 0.022871 12203
SB7_204 0.20956 0.69634 0.77400 0.27646 1.25187 1.48432 0.056601 12204
SB7_205 0.46797 0.90973 2.52855 3.24815 0.95144 0.74724 0.017010 12205
SB7_206 0.34850 0.76398 0.31037 1.86584 0.52974 1.14434 0.088940 12206
SB7_207 0.17903 0.83028 1.64621 0.67786 1.58557 0.57629 0.049974 12207
SB7_208 0.19465 0.61917 0.56260 2.55118 0.97329 0.80549 0.087435 12208
SB7_209 0.32662 0.98725 3.63251 0.43888 1.21992 1.63522 0.046479 12209
SB7_210 0.45860 0.73925 0.42625 0.75991 1.61760 0.52222 0.059470 12210
SB7_211 0.21269 0.85399 1.14780 1.03483 0.52043 1.06052 0.019140 12211
SB7_212 0.27163 0.92423 1.74108 1.58578 0.73081 0.68302 0.060333 12212
SB7_213 0.40045 0.68136 0.29346 0.58893 1.14894 1.37853 0.020744 12213
SB7_214 0.38244 0.84196 2.19460 0.33240 1.73524 0.88560 0.072681 12214
SB7_215 0.13963 0.75201 0.89179 3.98957 0.68618 1.78799 0.033718 12215
SB7_216 0.11300 0.82417 0.32699 0.41645 0.57360 0.60045 0.051124 12216
SB7_217 0.35906 0.78268 1.49643 2.24266 1.46815 1.20910 0.010285 12217
SB7_218 0.42700 0.94084 0.73373 1.41057 1.37307 0.92589 0.083160 12218
SB7_219 0.29507 0.65264 2.78567 0.94017 0.86502 1.86504 0.042947 12219
SB7_220 0.23917 0.71991 2.86302 0.62069 0.60859 0.70845 0.076644 12220
SB7_221 0.48213 0.88622 0.68361 1.80398 1.95713 1.43370 0.036938 12221
SB7_222 0.30003 0.64048 1.33599 2.92703 1.04204 0.54618 0.068992 12222
SB7_223 0.17126 0.95383 0.38246 0.26867 0.80605 1.10570 0.029911 12223
SB7_224 0.16341 0.87319 0.86454 1.46068 0.85580 0.54182 0.078088 12224
SB7_225 0.30788 0.73323 2.36408 0.54201 1.38801 1.06737 0.038301 12225
SB7_226 0.47735 0.99305 0.27615 0.30426 1.42137 0.83575 0.065124 12226
SB7_227 0.24393 0.60019 1.77189 3.65501 0.59254 1.64587 0.025963 12227
SB7_228 0.29038 0.77042 1.13081 2.77054 0.83255 0.91336 0.054761 12228
SB7_229 0.43170 0.83517 0.45187 0.47670 1.00878 1.81047 0.013841 12229
SB7_230 0.35119 0.68794 3.39928 0.82988 1.97814 0.70440 0.082108 12230
SB7_231 0.12088 0.90603 0.57578 1.12991 0.60206 1.39579 0.041814 12231
SB7_232 0.14425 0.67175 0.35600 0.67417 0.50376 0.95284 0.064282 12232
SB7_233 0.37781 0.93511 1.37437 1.95909 1.67129 1.89244 0.024613 12233
SB7_234 0.40824 0.78859 0.66991 3.19597 1.20671 0.61796 0.071317 12234
SB7_235 0.26382 0.80490 3.05079 0.29341 0.98405 1.22691 0.032273 12235
SB7_236 0.22042 0.97216 2.63488 0.38327 0.69366 0.56483 0.088566 12236
SB7_237 0.45088 0.63397 0.74274 2.06575 1.71634 1.11660 0.047529 12237
SB7_238 0.33128 0.89290 1.45821 1.29228 1.18691 0.73260 0.055915 12238
SB7_239 0.19001 0.70141 0.35037 0.86060 0.70736 1.44778 0.015504 12239
SB7_240 0.18689 0.94963 3.82146 3.67850 1.81486 1.03518 0.058043 12240
SB7_241 0.34066 0.65674 0.53481 0.34522 0.65452 0.51299 0.018376 12241
SB7_242 0.47275 0.81656 1.00445 0.54887 0.76228 1.59676 0.085069 12242
SB7_243 0.20479 0.77663 0.48711 1.62936 1.10487 0.79103 0.046027 12243
SB7_244 0.26070 0.64379 0.25580 1.05174 1.56830 1.75585 0.074812 12244
SB7_245 0.41762 0.96185 1.99732 0.71600 0.53552 0.86478 0.033778 12245
SB7_246 0.39969 0.71463 0.93449 0.44129 0.92092 1.35415 0.062152 12246
SB7_247 0.12863 0.87939 2.09422 2.42970 1.29323 0.66670 0.021743 12247
SB7_248 0.10526 0.74531 1.57419 0.25315 1.06903 1.99605 0.084353 12248
SB7_249 0.37307 0.86160 0.31082 2.97482 0.78757 0.98647 0.044569 12249
SB7_250 0.44107 0.61507 2.43763 1.71811 0.64672 1.29453 0.051380 12250
SB7_251 0.28725 0.97846 0.83845 0.62409 1.83613 0.63955 0.012221 12251
SB7_252 0.22831 0.84879 0.59590 0.97646 1.30579 1.17774 0.068502 12252
SB7_253 0.49922 0.75729 3.28455 1.30056 0.91175 0.58476 0.027585 12253
SB7_254 0.31725 0.91621 0.40079 2.30432 0.55293 1.52756 0.075840 12254
SB7_255 0.16028 0.67805 1.27495 0.38812 1.51840 0.75821 0.035549 12255
SB7_256 0.15955 0.73383 0.58158 0.81519 0.78569 1.76829 0.075637 12256
SB7_257 0.31799 0.87220 3.36504 1.09852 1.07150 0.89546 0.035460 12257
SB7_258 0.49849 0.60154 0.45028 2.76749 1.84045 1.36379 0.068610 12258
SB7_259 0.22904 0.99287 1.13467 0.46072 0.64515 0.69039 0.027808 12259
SB7_260 0.28652 0.83498 1.75884 0.30311 0.90903 1.04901 0.051508 12260
SB7_261 0.44180 0.77178 0.27818 3.52293 1.30981 0.52795 0.012386 12261
SB7_262 0.37234 0.90504 2.36583 1.43096 1.52312 1.61804 0.084170 12262
SB7_263 0.10599 0.68854 0.86386 0.52553 0.55127 0.81405 0.044422 12263
SB7_264 0.12946 0.93532 0.35298 1.24558 0.65252 1.09352 0.061986 12264
SB7_265 0.39886 0.67037 1.44760 0.85733 1.82027 0.55227 0.021614 12265
SB7_266 0.41845 0.80586 0.74222 0.37161 1.10822 1.41839 0.074961 12266
SB7_267 0.25987 0.78801 2.63703 2.02371 0.75991 0.71610 0.033963 12267
SB7_268 0.20562 0.63340 3.02029 3.10717 0.53429 1.84480 0.085158 12268
SB7_269 0.47192 0.97312 0.67670 0.28822 1.57206 0.93604 0.046232 12269
SB7_270 0.34149 0.70003 1.37919 0.65157 1.29637 1.19637 0.057819 12270
SB7_271 0.18606 0.89310 0.35477 1.95694 0.91876 0.60684 0.018267 12271
SB7_272 0.18918 0.65734 2.10448 0.45659 1.66610 0.84984 0.055728 12272
SB7_273 0.33211 0.94864 0.93005 2.43237 0.50529 1.71088 0.015358 12273
SB7_274 0.45004 0.77798 1.98013 1.08180 0.98698 0.65544 0.088692 12274
SB7_275 0.22125 0.81638 0.25806 0.72889 1.20302 1.31908 0.047697 12275
SB7_276 0.26299 0.96167 0.48609 0.56609 1.71232 0.50105 0.071424 12276
SB7_277 0.40907 0.64514 1.00659 1.66320 0.69535 1.01496 0.032500 12277
SB7_278 0.37698 0.87840 0.53804 3.81642 0.70906 0.77284 0.064075 12278
SB7_279 0.14508 0.71522 3.79863 0.34654 1.18417 1.56497 0.024525 12279
SB7_280 0.12162 0.86181 1.27757 2.35219 1.38463 0.57003 0.081883 12280
SB7_281 0.35046 0.74393 0.39991 0.40029 0.85782 1.15691 0.041709 12281
SB7_282 0.43243 0.97942 3.26465 0.98018 0.59391 0.73938 0.054847 12282
SB7_283 0.28964 0.61450 0.59946 1.34933 1.41799 1.50010 0.014047 12283
SB7_284 0.24467 0.75671 0.83440 1.72000 1.00574 0.96615 0.065269 12284
SB7_285 0.47661 0.84976 2.44938 0.64573 0.83514 1.95173 0.026149 12285
SB7_286 0.30861 0.67667 0.31354 0.25771 0.60391 0.62656 0.077921 12286
SB7_287 0.16268 0.91642 1.56050 3.05983 1.97224 1.26530 0.038176 12287
SB7_288 0.17043 0.80958 3.86568 0.51704 1.46470 0.67414 0.068906 12288
SB7_289 0.30086 0.79640 0.50628 1.51884 0.57500 1.33922 0.029706 12289
SB7_290 0.48130 0.93044 1.08429 3.50407 0.86709 0.87412 0.076869 12290
SB7_291 0.24000 0.66392 0.47122 0.31823 1.36991 1.73709 0.037044 12291
SB7_292 0.29424 0.70921 0.26407 0.49973 1.95107 0.79970 0.083327 12292
SB7_293 0.42782 0.89760 1.85275 2.66442 0.61043 1.57943 0.043072 12293
SB7_294 0.35823 0.62616 0.98582 1.17860 0.80847 0.51845 0.050979 12294
SB7_295 0.11383 0.96746 2.07308 0.79345 1.03885 1.02428 0.010099 12295
SB7_296 0.14036 0.60799 1.66292 1.88408 1.21623 0.76665 0.072555 12296
SB7_297 0.38171 0.99775 0.30727 0.70674 0.97632 1.51072 0.033550 12297
SB7_298 0.40118 0.72544 2.51985 0.28053 0.52203 0.59108 0.060520 12298
SB7_299 0.27090 0.86849 0.77671 3.33363 1.61279 1.16514 0.020890 12299
SB7_300 0.21342 0.91070 0.64240 2.14802 1.14616 0.64658 0.059677 12300
SB7_301 0.45787 0.69578 3.18167 0.36561 0.73252 1.28048 0.019227 12301
SB7_302 0.32736 0.83048 0.40487 0.90012 0.68776 0.99696 0.087328 12302
SB7_303 0.19392 0.76261 1.20856 1.23889 1.73109 1.97506 0.046253 12303
SB7_304 0.17830 0.98626 0.89369 0.33007 0.75170 1.41112 0.088792 12304
SB7_305 0.34923 0.61977 2.18999 3.83695 1.12039 0.69675 0.049789 12305
SB7_306 0.46724 0.85381 0.29171 1.56697 1.76203 1.82972 0.056766 12306
SB7_307 0.21030 0.74061 1.75160 0.57538 0.67413 0.90375 0.017138 12307
SB7_308 0.25527 0.68272 1.14236 0.74887 0.94917 1.66421 0.063428 12308
SB7_309 0.42306 0.92405 0.42834 1.00830 1.25476 0.82654 0.022981 12309
SB7_310 0.39108 0.75260 3.66455 2.52648 1.58929 1.07891 0.071089 12310
SB7_311 0.13724 0.84098 0.55776 0.42095 0.52846 0.53602 0.030016 12311
SB7_312 0.11071 0.78131 0.38430 2.85197 0.62461 1.46366 0.052637 12312
SB7_313 0.36760 0.82438 1.32954 0.26477 1.90108 0.72465 0.013440 12313
SB7_314 0.44970 0.65207 0.67766 0.59533 1.06010 1.12847 0.080611 12314
SB7_315 0.27862 0.94180 2.88803 1.78651 0.79419 0.55888 0.040787 12315
SB7_316 0.23688 0.88719 2.77959 1.35660 0.55721 1.24060 0.079583 12316
SB7_317 0.49067 0.71933 0.73524 0.93360 1.50677 0.61115 0.039330 12317
SB7_318 0.32274 0.95405 1.50534 0.40687 1.35292 1.91289 0.067245 12318
SB7_319 0.15480 0.63910 0.32501 2.21606 0.88000 0.94266 0.026367 12319
SB7_320 0.15054 0.96974 1.30178 1.50785 0.54027 0.78232 0.050560 12320
SB7_321 0.32155 0.63624 0.37588 0.50213 1.55885 1.54602 0.010853 12321
SB7_322 0.48947 0.89058 2.95284 0.31454 1.28022 0.50719 0.082598 12322
SB7_323 0.23260 0.70378 0.69218 3.39034 0.92783 1.00267 0.043514 12323
SB7_324 0.27669 0.67407 0.71916 2.62197 0.66028 0.65989 0.077209 12324
SB7_325 0.44459 0.93274 2.72151 0.48171 1.80377 1.31018 0.036368 12325
SB7_326 0.36250 0.79100 0.33197 0.78690 1.09366 0.85562 0.069557 12326
SB7_327 0.10878 0.80263 1.53918 1.14266 0.76794 1.69934 0.029341 12327
SB7_328 0.13214 0.77440 2.23978 0.68126 0.89770 0.63252 0.086750 12328
SB7_329 0.38916 0.83133 0.91245 1.85404 1.32275 1.25337 0.047159 12329
SB7_330 0.42113 0.69182 1.71543 3.23204 1.54021 0.97534 0.058786 12330
SB7_331 0.25017 0.90210 0.28521 0.27822 0.54663 1.93332 0.019819 12331
SB7_332 0.20910 0.86930 0.43733 0.35507 0.77537 0.75047 0.061019 12332
SB7_333 0.46297 0.73716 1.16829 2.13246 1.08283 1.47793 0.020062 12333
SB7_334 0.34496 0.98907 0.54531 1.19870 1.86234 0.57858 0.073369 12334
SB7_335 0.17710 0.60402 3.58894 0.88967 0.63929 1.13981 0.033036 12335
SB7_336 0.19898 0.84642 0.30092 3.97104 1.01911 1.62902 0.070496 12336
SB7_337 0.32934 0.75960 1.62585 0.33439 0.82641 0.80856 0.030908 12337
SB7_338 0.45984 0.91394 0.79436 0.59167 0.59681 1.05613 0.062522 12338
SB7_339 0.21847 0.68047 2.57271 1.57625 1.99031 0.52439 0.023558 12339
SB7_340 0.27204 0.74758 3.11072 1.04142 1.40211 1.38051 0.057280 12340
SB7_341 0.40550 0.85918 0.62915 0.75612 0.84942 0.68203 0.016325 12341
SB7_342 0.38603 0.61744 1.23395 0.43610 0.58733 1.78996 0.089620 12342
SB7_343 0.14152 0.97614 0.41407 2.56390 1.42999 0.88462 0.049289 12343
SB7_344 0.11816 0.64772 0.51764 0.26733 1.69218 1.21432 0.066802 12344
SB7_345 0.35938 0.95797 3.94854 2.94561 0.70172 0.59787 0.027097 12345
SB7_346 0.42897 0.71846 0.46138 1.81300 0.71849 1.87247 0.078829 12346
SB7_347 0.29856 0.87541 1.06056 0.61676 1.17179 0.92221 0.039748 12347
SB7_348 0.24198 0.94580 1.89242 0.94583 1.64763 1.43189 0.080975 12348
SB7_349 0.48635 0.66072 0.27000 1.40399 0.50958 0.70935 0.040137 12349
SB7_350 0.30592 0.81263 2.02771 2.22922 0.99945 1.10393 0.053313 12350
SB7_351 0.17241 0.78051 0.96521 0.41838 1.19124 0.54707 0.013099 12351
SB7_352 0.16773 0.69866 0.39169 1.13655 1.15905 1.07163 0.084918 12352
SB7_353 0.31058 0.90736 1.24921 0.82617 0.72634 0.53966 0.043999 12353
SB7_354 0.47859 0.76640 0.61313 0.47393 0.67922 1.65298 0.051946 12354
SB7_355 0.24972 0.82801 3.33343 2.78300 1.74813 0.83215 0.011651 12355
SB7_356 0.29080 0.99512 2.39493 3.63749 1.23075 1.80756 0.067939 12356
SB7_357 0.43675 0.61164 0.81725 0.30615 0.96742 0.91483 0.028153 12357
SB7_358 0.35478 0.86520 1.59340 0.54464 0.51520 1.39403 0.075278 12358
SB7_359 0.12276 0.72838 0.32068 1.45169 1.62975 0.70530 0.036116 12359
SB7_360 0.14940 0.89391 0.95085 0.86595 1.92681 1.88461 0.058730 12360
SB7_361 0.37813 0.71178 2.14940 1.28606 0.61644 0.95680 0.017694 12361
SB7_362 0.41022 0.96448 0.25265 2.05307 0.81756 1.22226 0.085756 12362
SB7_363 0.26732 0.62940 1.93660 0.38513 1.03007 0.62031 0.045344 12363
SB7_364 0.22323 0.79979 1.02806 0.29210 1.44553 1.11783 0.074127 12364
SB7_365 0.45510 0.80673 0.49697 3.21469 0.58105 0.56420 0.034458 12365
SB7_366 0.33716 0.66645 3.71526 1.96794 0.87745 1.44985 0.061467 12366
SB7_367 0.19116 0.92669 0.52676 0.67025 1.35741 0.73155 0.022423 12367
SB7_368 0.18178 0.72218 1.41726 2.41555 0.56461 0.51217 0.064962 12368
SB7_369 0.34029 0.88380 0.34523 0.44326 1.49107 1.03684 0.023928 12369
SB7_370 0.47073 0.64285 2.69602 0.72018 1.33698 0.79002 0.071998 12370
SB7_371 0.20135 0.95152 0.75807 1.04702 0.88809 1.59879 0.031588 12371
SB7_372 0.25794 0.82181 0.66184 1.63723 0.63246 0.86822 0.087883 12372
SB7_373 0.41335 0.78501 2.95691 0.54549 1.88257 1.74889 0.048217 12373
SB7_374 0.39375 0.93857 0.36234 0.34356 1.04831 0.66959 0.055233 12374
SB7_375 0.12753 0.65506 1.41005 3.70122 0.80095 1.34832 0.016191 12375
SB7_376 0.10089 0.92039 3.44179 0.38573 0.93797 0.98756 0.078655 12376
SB7_377 0.37041 0.68534 0.59382 2.31542 1.26631 1.99387 0.037738 12377
SB7_378 0.43988 0.83803 1.11133 1.30862 1.61039 0.64048 0.065692 12378
SB7_379 0.28142 0.75589 0.44028 0.97175 0.52295 1.29267 0.025400 12379
SB7_380 0.22785 0.62310 0.28405 0.62689 0.74333 0.58235 0.054190 12380
SB7_381 0.49422 0.98337 1.79894 1.70808 1.12994 1.18262 0.014407 12381
SB7_382 0.31371 0.74308 0.84466 2.96150 1.78419 0.75532 0.081539 12382
SB7_383 0.15835 0.85001 2.31722 0.25463 0.66756 1.53339 0.042379 12383
SB7_384 0.15625 0.61634 0.75432 3.41208 1.37854 0.64477 0.060279 12384
SB7_385 0.31503 0.97797 2.59478 0.31339 0.86393 1.27018 0.021120 12385
SB7_386 0.49544 0.74872 0.34727 0.50848 0.57123 0.99455 0.072930 12386
SB7_387 0.22585 0.85740 1.47144 1.47698 1.47026 1.95861 0.033147 12387
SB7_388 0.28323 0.91514 1.35615 1.16025 1.03510 0.76856 0.086952 12388
SB7_389 0.43885 0.67834 0.36079 0.77288 0.81366 1.52345 0.046660 12389
SB7_390 0.36928 0.84518 3.06794 0.48611 0.61277 0.59273 0.059915 12390
SB7_391 0.10279 0.76168 0.66619 2.61942 1.93851 1.17451 0.018998 12391
SB7_392 0.12621 0.81451 0.45777 0.27326 1.61993 0.80178 0.076473 12392
SB7_393 0.39585 0.77946 1.11610 3.28177 0.51828 1.59243 0.037431 12393
SB7_394 0.41535 0.94387 0.57235 1.85224 0.97205 0.51999 0.069124 12394
SB7_395 0.25672 0.66172 3.41926 0.68749 1.22478 1.03240 0.029457 12395
SB7_396 0.20238 0.71648 2.32870 0.88640 1.71873 0.67215 0.050757 12396
SB7_397 0.46892 0.87675 0.87764 1.20638 0.69090 1.32877 0.010348 12397
SB7_398 0.33839 0.64975 1.78842 2.08880 0.73771 0.87180 0.083722 12398
SB7_399 0.18291 0.95667 0.27358 0.35956 1.14129 1.72288 0.042688 12399
SB7_400 0.19228 0.79278 3.24511 1.60920 0.67156 1.23021 0.080227 12400
SB7_401 0.33526 0.80148 0.60307 0.58429 1.77343 0.60964 0.041182 12401
SB7_402 0.45329 0.67224 1.28375 0.33563 1.12446 1.89759 0.052887 12402
SB7_403 0.22426 0.93384 0.39799 3.94574 0.74690 0.94006 0.013218 12403
SB7_404 0.26609 0.88850 0.31521 2.56640 0.53195 1.47548 0.066996 12404
SB7_405 0.41222 0.70502 1.55220 0.43216 1.58329 0.72670 0.026585 12405
SB7_406 0.38022 0.97187 0.82982 0.76984 1.24690 1.13793 0.079970 12406
SB7_407 0.14809 0.63504 2.46287 1.02563 0.95265 0.56025 0.038934 12407
SB7_408 0.12467 0.98807 1.97025 0.61117 0.78861 1.67734 0.056537 12408
SB7_409 0.35366 0.60595 0.25935 1.81476 1.06462 0.82896 0.017376 12409
SB7_410 0.43573 0.87036 2.11680 2.90097 1.91478 1.08783 0.089199 12410
SB7_411 0.29260 0.73528 0.92463 0.27219 0.62177 0.53743 0.049413 12411
SB7_412 0.24772 0.69312 0.54111 0.41316 0.88386 1.39963 0.070686 12412
SB7_413 0.47981 0.90007 3.77718 2.27581 1.34349 0.69494 0.030391 12413
SB7_414 0.31190 0.77306 0.48359 1.39505 1.50011 1.81535 0.063659 12414
SB7_415 0.16563 0.83331 1.01181 0.94932 0.56125 0.90105 0.022740 12415
SB7_416 0.17353 0.94054 2.50687 2.81034 0.64241 1.83994 0.074554 12416
SB7_417 0.30401 0.65372 0.78073 0.47315 1.85345 0.92836 0.034340 12417
SB7_418 0.48454 0.81978 1.67236 0.83831 1.07638 1.19287 0.062215 12418
SB7_419 0.24300 0.78630 0.30553 1.11705 0.78007 0.60209 0.021377 12419
SB7_420 0.29734 0.64097 0.40725 1.46906 0.55514 1.09679 0.057589 12420
SB7_421 0.43097 0.95257 1.20153 0.53385 1.51647 0.55664 0.018508 12421
SB7_422 0.36148 0.72411 0.63921 0.30832 1.30038 1.42210 0.085562 12422
SB7_423 0.11684 0.88280 3.19763 3.62167 0.91306 0.72198 0.045856 12423
SB7_424 0.14342 0.74189 1.07835 0.37750 0.75503 1.05190 0.068361 12424
SB7_425 0.38491 0.85213 0.47382 2.07761 1.11247 0.53221 0.028029 12425
SB7_426 0.40447 0.62434 3.88634 1.28048 1.83199 1.62203 0.076021 12426
SB7_427 0.27385 0.98130 0.50359 0.87209 0.65016 0.82093 0.035065 12427
SB7_428 0.21647 0.83913 0.99058 0.66915 0.92224 1.76397 0.083782 12428
SB7_429 0.46106 0.75406 2.06308 1.98726 1.28788 0.88802 0.044818 12429
SB7_430 0.33066 0.91925 0.26249 3.15955 1.56631 1.35994 0.051756 12430
SB7_431 0.19688 0.68713 1.86392 0.29640 0.53765 0.68486 0.012168 12431
SB7_432 0.17500 0.86391 0.68905 1.06529 1.21172 0.95854 0.054629 12432
SB7_433 0.34628 0.73041 2.84027 0.70975 0.98263 1.94594 0.014295 12433
SB7_434 0.46419 0.99646 0.37826 0.44399 0.50177 0.62144 0.082279 12434
SB7_435 0.20709 0.60967 1.35074 2.39205 1.67342 1.26203 0.041321 12435
SB7_436 0.25197 0.76740 1.48147 3.71739 1.17880 0.57473 0.077526 12436
SB7_437 0.42010 0.82608 0.33025 0.34114 0.71416 1.15999 0.038560 12437
SB7_438 0.38804 0.69761 2.82585 0.55651 0.69831 0.74520 0.065490 12438
SB7_439 0.13404 0.90925 0.72321 1.61788 1.70029 1.50453 0.025899 12439
SB7_440 0.10746 0.66852 0.29631 0.96491 1.42318 0.50526 0.088317 12440
SB7_441 0.36461 0.92545 1.72440 1.31433 0.59019 1.01742 0.048101 12441
SB7_442 0.44660 0.79766 0.87878 2.28807 0.85457 0.77911 0.055969 12442
SB7_443 0.27547 0.80793 2.22719 0.39352 1.39378 1.56937 0.015128 12443
SB7_444 0.23362 0.96269 3.60518 0.25094 1.95965 0.84307 0.063838 12444
SB7_445 0.48767 0.63054 0.56694 3.01318 0.60610 1.70613 0.024754 12445
SB7_446 0.31964 0.89574 1.16096 1.69147 0.84055 0.64997 0.071801 12446
SB7_447 0.15166 0.71068 0.42147 0.62792 1.00189 1.31581 0.032093 12447
SB7_448 0.15358 0.88038 1.68822 0.46654 1.74159 1.12111 0.085985 12448
SB7_449 0.32474 0.71388 0.28980 2.71082 0.68368 0.56865 0.045107 12449
SB7_450 0.49277 0.95964 2.27703 1.10556 0.72903 1.45368 0.058323 12450
SB7_451 0.23556 0.64644 0.89751 0.81220 1.15175 0.73760 0.018071 12451
SB7_452 0.27974 0.77610 0.55448 0.53033 1.64038 1.87969 0.061871 12452
SB7_453 0.44779 0.81743 3.52962 1.42956 0.51320 0.94901 0.022047 12453
SB7_454 0.36580 0.65927 0.43047 3.57715 0.96128 1.21860 0.073897 12454
SB7_455 0.11173 0.94764 1.18693 0.29771 1.23515 0.61545 0.034699 12455
SB7_456 0.13524 0.67547 2.90504 2.02174 1.02293 1.80311 0.052329 12456
SB7_457 0.39231 0.91855 0.70358 0.37501 0.82112 0.90717 0.011256 12457
SB7_458 0.42438 0.75795 1.32299 0.84205 0.62093 1.39019 0.084669 12458
SB7_459 0.25317 0.84769 0.36986 1.26475 1.91824 0.69966 0.044221 12459
SB7_460 0.21220 0.98052 0.33721 1.91687 1.36326 1.07466 0.075526 12460
SB7_461 0.46612 0.61267 1.51526 0.65981 0.87125 0.54402 0.035898 12461
SB7_462 0.34821 0.86066 0.70715 0.28716 0.57844 1.65702 0.067552 12462
SB7_463 0.18010 0.74571 2.76772 3.12708 1.45586 0.83913 0.028549 12463
SB7_464 0.19573 0.90374 0.46408 0.73158 0.89377 0.58714 0.066088 12464
SB7_465 0.32633 0.69057 1.05438 1.07491 1.33220 1.18569 0.025012 12465
SB7_466 0.45674 0.83632 0.51506 2.48323 1.48142 0.76131 0.078437 12466
SB7_467 0.21532 0.76980 3.96828 0.45089 0.56679 1.53795 0.037987 12467
SB7_468 0.26880 0.60254 2.01729 0.35282 0.79799 0.97985 0.081760 12468
SB7_469 0.40250 0.99094 0.97021 3.75857 1.05496 1.98799 0.042130 12469
SB7_470 0.38293 0.73278 1.90319 1.66483 1.88962 0.63524 0.053795 12470
SB7_471 0.13836 0.87408 0.26848 0.56097 0.62835 1.28924 0.014791 12471
SB7_472 0.11486 0.70211 0.79820 1.32888 0.52531 0.86124 0.072239 12472
SB7_473 0.35642 0.89186 2.56034 0.99797 1.59894 1.74400 0.031358 12473
SB7_474 0.42592 0.63127 0.29912 0.39667 1.26089 0.66401 0.064586 12474
SB7_475 0.29537 0.97432 1.63565 2.35448 0.94464 1.34505 0.024332 12475
SB7_476 0.23868 0.80408 1.22717 3.04035 0.66273 0.51648 0.055610 12476
SB7_477 0.48340 0.78915 0.41635 0.25866 1.79218 1.03941 0.015784 12477
SB7_478 0.30286 0.93715 3.12733 0.63767 1.13783 0.79637 0.087646 12478
SB7_479 0.16921 0.66927 0.62580 1.75595 0.74012 1.60324 0.048446 12479
SB7_480 0.16448 0.75150 0.25400 0.32291 0.93448 0.75229 0.059161 12480
SB7_481 0.30759 0.84281 1.92632 3.44395 1.27446 1.49034 0.019416 12481
SB7_482 0.47549 0.68386 0.94563 1.53376 1.54785 0.58021 0.086509 12482
SB7_483 0.24657 0.92227 2.16126 0.51619 0.54260 1.14905 0.047389 12483
SB7_484 0.28754 0.85500 3.69297 0.79907 0.76452 0.63077 0.073606 12484
SB7_485 0.43375 0.73848 0.52993 1.17347 1.10163 1.24338 0.032807 12485
SB7_486 0.35168 0.98502 1.03303 2.69629 1.81160 0.97292 0.060643 12486
SB7_487 0.11962 0.62184 0.49458 0.48983 0.65570 1.91717 0.020469 12487
SB7_488 0.14611 0.95593 0.61662 3.31914 0.54859 0.65793 0.082815 12488
SB7_489 0.37517 0.63805 3.31459 0.28252 1.53042 1.29987 0.043266 12489
SB7_490 0.40717 0.88526 0.38967 0.69273 1.31764 0.85340 0.050164 12490
SB7_491 0.26411 0.72033 1.25566 1.90661 0.90355 1.68546 0.011240 12491
SB7_492 0.21993 0.65010 1.58547 1.21764 0.63526 0.78440 0.069952 12492
SB7_493 0.45214 0.94314 0.32229 0.91335 1.86926 1.55878 0.028957 12493
SB7_494 0.33412 0.78334 2.40897 0.36501 1.08992 0.50869 0.076987 12494
SB7_495 0.18796 0.82309 0.81250 2.16911 0.77247 1.01056 0.036618 12495
SB7_496 0.18484 0.62795 1.09278 0.57633 1.98169 1.44344 0.079079 12496
SB7_497 0.34349 0.96632 0.44776 1.55173 0.60098 0.71131 0.039527 12497
SB7_498 0.47402 0.70738 3.49611 3.90393 0.83010 1.11325 0.066418 12498
SB7_499 0.20431 0.89870 0.58461 0.32529 1.01175 0.54842 0.027491 12499
SB7_500 0.26099 0.92837 0.85842 0.42946 1.44017 1.20423 0.053701 12500
SB7_501 0.41654 0.66516 2.28007 2.49661 0.58481 0.59641 0.012703 12501
SB7_502 0.39705 0.81171 0.27944 1.01270 0.84339 1.85746 0.080726 12502
SB7_503 0.13049 0.79521 1.82855 0.74360 1.40844 0.91961 0.040354 12503
SB7_504 0.10399 0.82948 2.65367 1.76541 1.16414 1.36918 0.062929 12504
SB7_505 0.37356 0.76454 0.77015 0.60737 0.72119 0.68024 0.023182 12505
SB7_506 0.44312 0.91175 1.44108 0.26291 0.70617 1.77595 0.070267 12506
SB7_507 0.28442 0.69390 0.33952 2.86442 1.68594 0.88203 0.031145 12507
SB7_508 0.23095 0.72673 0.36837 2.19452 1.19586 1.64191 0.089850 12508
SB7_509 0.49736 0.86646 1.38698 0.40754 0.99297 0.81098 0.049048 12509
SB7_510 0.31696 0.60665 0.65134 0.92007 0.50776 1.06480 0.056877 12510
SB7_511 0.16136 0.99972 3.00459 1.38028 1.65815 0.52576 0.016700 12511
SB7_512 0.16101 0.64532 2.71221 1.96276 1.01228 0.68841 0.089809 12512
SB7_513 0.31652 0.96027 0.72157 0.67566 0.83163 1.36767 0.048772 12513
SB7_514 0.49703 0.71306 1.53391 0.29287 0.59967 0.89261 0.057158 12514
SB7_515 0.23051 0.88091 0.33308 3.18891 1.97998 1.77400 0.016747 12515
SB7_516 0.28486 0.94808 0.37714 2.05844 1.40919 0.81670 0.063039 12516
SB7_517 0.44347 0.65834 1.29732 0.38204 0.84494 1.61286 0.023370 12517
SB7_518 0.37400 0.81816 0.69450 0.86367 0.58354 0.52947 0.070075 12518
SB7_519 0.10433 0.77508 2.94275 1.29643 1.43892 1.04596 0.031031 12519
SB7_520 0.13092 0.84725 1.16440 0.54027 1.68283 0.71790 0.053498 12520
SB7_521 0.39739 0.75888 0.43884 1.45549 0.70580 1.41478 0.012579 12521
SB7_522 0.41698 0.91782 3.57695 3.66681 0.72181 0.55350 0.080846 12522
SB7_523 0.26133 0.67649 0.54718 0.30535 1.16669 1.09115 0.040552 12523
SB7_524 0.20397 0.74683 0.91558 0.47775 1.65511 0.60551 0.079350 12524
SB7_525 0.47358 0.86003 2.23230 2.77568 0.50749 1.19905 0.039563 12525
SB7_526 0.34315 0.61349 0.28619 1.12744 0.99384 0.93364 0.066386 12526
SB7_527 0.18440 0.97999 1.70972 0.82833 1.19847 1.84947 0.027225 12527
SB7_528 0.18752 0.76888 0.63046 2.98543 0.54360 1.32329 0.069764 12528
SB7_529 0.33377 0.83676 3.10454 0.25396 1.54865 0.65333 0.028847 12529
SB7_530 0.45171 0.68954 0.41493 0.62187 1.27336 1.71583 0.077102 12530
SB7_531 0.21959 0.90447 1.23150 1.71258 0.93244 0.84743 0.036811 12531
SB7_532 0.26446 0.87471 1.62262 1.29815 0.65691 1.56050 0.083091 12532
SB7_533 0.40761 0.73166 0.30155 0.97431 1.81256 0.77509 0.043307 12533
SB7_534 0.37551 0.99147 2.56759 0.38884 1.10067 1.01167 0.050118 12534
SB7_535 0.14655 0.60172 0.79601 2.30938 0.76286 0.50266 0.010959 12535
SB7_536 0.11995 0.97369 0.27054 0.34447 0.90307 1.49679 0.073570 12536
SB7_537 0.35212 0.63239 1.88850 3.67163 1.31521 0.74099 0.032536 12537
SB7_538 0.43409 0.89133 0.96713 1.63296 1.53376 1.15402 0.060909 12538
SB7_539 0.28799 0.70293 2.02352 0.54989 0.54906 0.57148 0.020500 12539
SB7_540 0.24613 0.67019 3.94037 0.71831 0.77206 1.26856 0.059286 12540
SB7_541 0.47515 0.93671 0.51867 1.05548 1.08792 0.62497 0.019619 12541
SB7_542 0.30714 0.79018 1.05836 2.42192 1.87332 1.95601 0.086311 12542
SB7_543 0.16414 0.80335 0.46230 0.43972 0.63582 0.96399 0.047270 12543
SB7_544 0.16877 0.92270 0.81446 1.19535 0.56727 1.73150 0.055339 12544
SB7_545 0.30253 0.68295 2.40295 0.89700 1.48471 0.87690 0.015747 12545
SB7_546 0.48295 0.84353 0.31959 0.35606 1.32970 1.33542 0.087678 12546
SB7_547 0.23834 0.75049 1.59873 2.11500 0.89333 0.67609 0.048712 12547
SB7_548 0.29570 0.62072 1.25338 3.24104 0.62886 1.02726 0.072441 12548
SB7_549 0.42636 0.98565 0.39035 0.27594 1.89383 0.51696 0.031483 12549
SB7_550 0.35677 0.73765 3.34460 0.67936 1.05297 1.58450 0.064467 12550
SB7_551 0.11530 0.85554 0.61104 1.86930 0.79761 0.79711 0.024134 12551
SB7_552 0.13871 0.72145 0.49532 0.78046 0.94255 1.16767 0.081650 12552
SB7_553 0.38337 0.88463 1.03160 1.14585 1.25984 0.58978 0.041942 12553
SB7_554 0.40284 0.63887 0.52500 2.64355 1.59972 1.51458 0.053988 12554
SB7_555 0.26923 0.95539 3.72799 0.48037 0.52630 0.76473 0.014905 12555
SB7_556 0.21488 0.82266 2.15677 0.31713 0.73848 1.97008 0.066130 12556
SB7_557 0.45640 0.78426 0.94767 3.38085 1.13689 0.99953 0.025288 12557
SB7_558 0.32590 0.94242 1.94325 1.49551 1.79304 1.27762 0.078156 12558
SB7_559 0.19539 0.65111 0.25180 0.50353 0.66399 0.64799 0.037941 12559
SB7_560 0.17977 0.89933 2.96305 2.24761 1.15430 0.90633 0.075401 12560
SB7_561 0.34777 0.70626 0.66053 0.41722 0.72964 1.82444 0.035695 12561
SB7_562 0.46577 0.96685 1.41298 0.93811 0.68334 0.69900 0.067749 12562
SB7_563 0.21176 0.62712 0.36162 1.40793 1.73832 1.40663 0.028669 12563
SB7_564 0.25361 0.79429 0.34454 1.79820 1.23791 0.53431 0.052366 12564
SB7_565 0.42472 0.81214 1.42021 0.61849 0.96207 1.08241 0.011527 12565
SB7_566 0.39275 0.66415 0.75656 0.26954 0.51296 0.82414 0.084403 12566
SB7_567 0.13558 0.92909 2.70161 2.93743 1.63729 1.66898 0.044189 12567
SB7_568 0.11217 0.69481 1.80252 0.43733 1.91665 0.55746 0.061595 12568
SB7_569 0.36614 0.91131 0.28346 2.54297 0.61955 1.13130 0.022006 12569
SB7_570 0.44823 0.76555 2.32184 1.03852 0.82266 0.72308 0.073944 12570
SB7_571 0.28008 0.82876 0.84292 0.76236 1.02343 1.46690 0.034980 12571
SB7_572 0.23521 0.99909 0.59260 0.59003 1.45467 0.94477 0.086173 12572
SB7_573 0.49233 0.60777 3.44865 1.58926 0.57716 1.90870 0.045217 12573
SB7_574 0.32440 0.86593 0.43937 3.98219 0.87289 0.61269 0.058208 12574
SB7_575 0.15315 0.72756 1.11354 0.33166 1.36392 1.23741 0.017878 12575
SB7_576 0.15200 0.85628 0.27725 0.90264 1.67705 1.00484 0.063948 12576
SB7_577 0.32008 0.74936 1.76488 1.22878 0.50220 0.50607 0.024942 12577
SB7_578 0.48801 0.97714 0.86098 2.14206 0.98211 1.54997 0.071608 12578
SB7_579 0.23407 0.61687 2.37394 0.36863 1.20950 0.78036 0.031978 12579
SB7_580 0.27503 0.76211 3.37658 0.27975 1.70401 1.69504 0.088276 12580
SB7_581 0.44626 0.84426 0.57964 3.36113 0.69892 0.85782 0.047825 12581
SB7_582 0.36416 0.67907 1.13857 1.88937 0.71379 1.30726 0.056250 12582
SB7_583 0.10712 0.91412 0.44878 0.70097 1.17662 0.66134 0.015174 12583
SB7_584 0.13360 0.66129 0.67439 1.18833 1.39256 1.92709 0.077797 12584
SB7_585 0.38769 0.94479 3.03042 0.79124 0.85272 0.97845 0.038596 12585
SB7_586 0.41966 0.77873 0.35356 0.49565 0.59128 1.24981 0.065459 12586
SB7_587 0.25163 0.81553 1.38380 2.67190 1.42393 0.63435 0.025633 12587
SB7_588 0.20744 0.95779 1.45244 3.47547 1.00102 1.14313 0.054426 12588
SB7_589 0.46463 0.64912 0.35178 0.31912 0.83871 0.57693 0.014171 12589
SB7_590 0.34662 0.87758 2.64586 0.52131 0.60722 1.48267 0.082399 12590
SB7_591 0.17544 0.71595 0.73968 1.51462 1.96067 0.74804 0.041519 12591
SB7_592 0.19732 0.93292 1.00859 0.40354 0.78075 0.52305 0.084058 12592
SB7_593 0.33100 0.67267 0.48508 2.22223 1.07873 1.05878 0.044860 12593
SB7_594 0.46150 0.80046 3.80620 1.36777 1.85006 0.80681 0.051710 12594
SB7_595 0.21682 0.79351 0.53693 0.93098 0.64207 1.63263 0.011887 12595
SB7_596 0.27351 0.63567 0.92813 0.60023 0.91385 0.88659 0.068172 12596
SB7_597 0.40404 0.97075 2.10868 1.78151 1.30323 1.78605 0.027919 12597
SB7_598 0.38456 0.70556 0.25752 2.82863 1.51368 0.68376 0.076135 12598
SB7_599 0.14298 0.88768 1.98406 0.26551 0.55485 1.37696 0.035258 12599
SB7_600 0.11649 0.73465 2.45446 2.51940 0.64875 0.92483 0.057713 12600
SB7_601 0.36103 0.87148 0.83274 0.42442 1.83039 1.86708 0.018710 12601
SB7_602 0.43063 0.60541 1.56374 0.75096 1.11306 0.59980 0.085364 12602
SB7_603 0.29690 0.98889 0.31292 1.00004 0.75641 1.21046 0.045736 12603
SB7_604 0.24344 0.83423 0.39912 1.57133 0.53648 0.54532 0.074517 12604
SB7_605 0.48489 0.77263 1.28022 0.57068 1.56497 1.10752 0.034069 12605
SB7_606 0.30445 0.90109 0.59826 0.32915 1.28856 0.70729 0.062481 12606
SB7_607 0.17387 0.69239 3.27142 3.86852 0.92394 1.43601 0.021409 12607
SB7_608 0.16607 0.78674 1.84658 0.65329 0.74831 0.83424 0.070889 12608
SB7_609 0.31225 0.81886 0.26498 1.94129 1.12500 1.64877 0.030516 12609
SB7_610 0.48025 0.65445 2.06615 3.09907 1.77198 0.54085 0.063539 12610
SB7_611 0.24806 0.93952 0.98920 0.29055 0.67006 1.06931 0.022542 12611
SB7_612 0.29226 0.88169 0.50801 0.37065 0.95444 0.70375 0.056266 12612
SB7_613 0.43528 0.72473 3.85276 2.04006 1.24752 1.39715 0.017339 12613
SB7_614 0.35332 0.95174 0.47284 1.24886 1.58198 0.91248 0.089230 12614
SB7_615 0.12423 0.64149 1.08067 0.85048 0.53077 1.81213 0.049679 12615
SB7_616 0.14775 0.98241 3.17080 1.44252 0.62147 0.61852 0.067038 12616
SB7_617 0.37979 0.62372 0.64455 0.52416 1.91117 1.22574 0.026860 12617
SB7_618 0.41188 0.85296 1.20442 0.30068 1.06699 0.95376 0.079689 12618
SB7_619 0.26565 0.74136 0.40623 3.53222 0.78926 1.89070 0.038888 12619
SB7_620 0.22469 0.68669 0.30830 2.74537 0.56097 0.73393 0.080117 12620
SB7_621 0.45363 0.92017 1.65722 0.46194 1.49730 1.44521 0.040995 12621
SB7_622 0.33570 0.75333 0.77931 0.82178 1.34648 0.56582 0.053080 12622
SB7_623 0.19263 0.84015 2.51124 1.09566 0.88459 1.11458 0.013333 12623
SB7_624 0.18325 0.61029 0.42919 0.25564 1.47097 1.59526 0.050794 12624
SB7_625 0.33883 0.99535 1.13999 3.06783 0.57231 0.79173 0.010619 12625
SB7_626 0.46926 0.73093 0.55887 1.73386 0.86201 1.03424 0.083455 12626
SB7_627 0.20281 0.86308 3.65697 0.64404 1.37740 0.51348 0.042656 12627
SB7_628 0.25628 0.90832 2.18546 0.98808 1.93946 1.35179 0.076349 12628
SB7_629 0.41500 0.69805 0.89547 1.34578 0.61393 0.66790 0.037229 12629
SB7_630 0.39542 0.82506 1.74797 2.33333 0.81186 1.75272 0.069322 12630
SB7_631 0.12587 0.76813 0.29229 0.40134 1.03424 0.86629 0.029577 12631
SB7_632 0.10235 0.80885 0.73676 3.80638 1.22247 1.29679 0.087140 12632
SB7_633 0.36895 0.79722 2.77407 0.34933 0.97159 0.63842 0.046770 12633
SB7_634 0.43841 0.92647 0.32569 0.56757 0.51870 1.99964 0.059800 12634
SB7_635 0.28288 0.66779 1.50235 1.64987 1.62353 0.98475 0.018805 12635
SB7_636 0.22618 0.71006 1.32690 1.08463 1.13915 1.52900 0.060003 12636
SB7_637 0.49588 0.89685 0.38510 0.72305 0.73735 0.75752 0.021078 12637
SB7_638 0.31537 0.63002 2.88229 0.45539 0.69147 1.17879 0.072977 12638
SB7_639 0.15670 0.96352 0.67907 2.45198 1.72253 0.58422 0.033428 12639
SB7_640 0.15791 0.70441 3.51785 0.36209 0.89004 1.96490 0.054237 12640
SB7_641 0.31337 0.88946 0.55639 2.17483 1.33813 0.99133 0.014687 12641
SB7_642 0.49378 0.63677 1.18297 1.22748 1.49028 1.27388 0.081263 12642
SB7_643 0.22751 0.96891 0.43195 0.91097 0.56357 0.64292 0.042338 12643
SB7_644 0.28176 0.80171 0.29080 0.69833 0.80270 1.17117 0.078540 12644
SB7_645 0.44032 0.79143 1.68258 1.90164 1.04922 0.59444 0.037546 12645
SB7_646 0.37075 0.93172 0.90059 3.29260 1.88156 1.51854 0.065880 12646
SB7_647 0.10133 0.67479 2.26944 0.28327 0.63131 0.77101 0.025510 12647
SB7_648 0.12787 0.90302 1.51008 2.68926 0.52250 1.03010 0.088081 12648
SB7_649 0.39419 0.69139 0.33834 0.49379 1.60687 0.52113 0.048337 12649
SB7_650 0.41369 0.83235 2.75823 0.80118 1.26864 1.58841 0.055109 12650
SB7_651 0.25838 0.77368 0.70951 1.16409 0.93847 0.80384 0.015988 12651
SB7_652 0.20091 0.60339 0.70594 1.53780 0.66698 1.72727 0.064696 12652
SB7_653 0.47038 0.99019 2.89509 0.51206 1.78032 0.86962 0.023896 12653
SB7_654 0.33986 0.73663 0.37110 0.32207 1.13202 1.33165 0.072034 12654
SB7_655 0.18144 0.87013 1.31847 3.47179 0.74373 0.67067 0.031859 12655
SB7_656 0.19082 0.68090 0.97214 0.92247 1.74964 0.93733 0.074320 12656
SB7_657 0.33673 0.91302 2.01311 1.36921 0.68070 1.90304 0.034573 12657
SB7_658 0.45476 0.76033 0.26901 2.18874 0.72500 0.60769 0.061357 12658
SB7_659 0.22279 0.84541 1.89925 0.41082 1.15844 1.23421 0.022235 12659
SB7_660 0.26775 0.97502 1.05219 0.26221 1.63118 0.56206 0.058449 12660
SB7_661 0.41056 0.61807 0.46500 2.88750 0.51632 1.13431 0.017647 12661
SB7_662 0.37857 0.85836 3.96006 1.77002 0.96564 0.72877 0.085798 12662
SB7_663 0.14975 0.74811 0.51609 0.60250 1.23010 1.47123 0.045620 12663
SB7_664 0.12320 0.87653 0.41722 1.02086 1.02783 0.53879 0.067971 12664
SB7_665 0.35512 0.71783 1.22473 0.74164 0.81686 1.08504 0.028419 12665
SB7_666 0.43719 0.95879 0.62710 0.42602 0.61676 0.83081 0.075007 12666
SB7_667 0.29113 0.64719 3.12112 2.50314 1.93038 1.67367 0.036079 12667
SB7_668 0.24938 0.78008 2.55525 3.87263 1.35447 0.89910 0.084799 12668
SB7_669 0.47815 0.81355 0.79986 0.32614 0.87668 1.81937 0.043802 12669
SB7_670 0.31025 0.65999 1.63240 0.58098 0.58136 0.69317 0.052148 12670
SB7_671 0.16729 0.94681 0.29974 1.54765 1.44819 1.40314 0.011776 12671
SB7_672 0.17207 0.82708 0.52816 0.28481 1.99405 0.60381 0.081241 12672
SB7_673 0.30547 0.76684 3.70566 3.13586 0.59710 1.18941 0.040168 12673
SB7_674 0.48601 0.90634 0.49293 1.93269 0.82572 0.93138 0.053277 12674
SB7_675 0.24154 0.69939 1.03657 0.65798 1.01686 1.83406 0.012829 12675
SB7_676 0.29901 0.72901 1.93292 0.84900 1.43270 0.71969 0.066604 12676
SB7_677 0.42931 0.86409 0.25315 1.26123 0.58761 1.42670 0.026977 12677
SB7_678 0.35982 0.61217 2.16868 2.00524 0.84872 0.55504 0.078954 12678
SB7_679 0.11850 0.99430 0.94248 0.37606 1.39900 1.09992 0.039951 12679
SB7_680 0.14195 0.62877 0.32119 3.56722 1.17121 0.81882 0.057395 12680
SB7_681 0.38637 0.96559 1.59078 0.30016 0.71714 1.62613 0.016518 12681
SB7_682 0.40594 0.71125 0.80972 0.53182 0.70327 0.53104 0.089432 12682
SB7_683 0.27239 0.89473 2.41702 1.41789 1.69359 1.05426 0.049179 12683
SB7_684 0.21813 0.92762 3.32566 1.10867 1.19066 0.68638 0.070450 12684
SB7_685 0.45940 0.66601 0.61451 0.80557 0.99756 1.35700 0.030627 12685
SB7_686 0.32899 0.80776 1.25987 0.46525 0.51071 0.89025 0.062798 12686
SB7_687 0.19854 0.79906 0.38834 2.73319 1.64899 1.75948 0.023600 12687
SB7_688 0.17666 0.95040 2.28460 0.63945 0.92829 1.25794 0.061139 12688
SB7_689 0.34462 0.64347 0.85664 1.74158 1.28263 0.62344 0.020259 12689
SB7_690 0.46253 0.88298 1.83219 3.03184 1.55539 1.94037 0.073166 12690
SB7_691 0.20876 0.72271 0.27887 0.26079 0.53983 0.96133 0.032911 12691
SB7_692 0.25051 0.65550 0.44683 0.39556 0.76832 1.50888 0.086718 12692
SB7_693 0.42157 0.93764 1.09495 2.37385 1.09573 0.74308 0.046893 12693
SB7_694 0.38950 0.78573 0.58339 1.33258 1.79975 1.16369 0.059057 12694
SB7_695 0.13258 0.82078 3.50307 0.98980 0.65974 0.57288 0.019856 12695
SB7_696 0.10912 0.75545 1.38986 1.67853 0.54561 1.57281 0.077490 12696
SB7_697 0.36294 0.83896 0.36763 0.55940 1.53944 0.77737 0.036415 12697
SB7_698 0.44494 0.68462 3.01083 0.34994 1.32384 1.02004 0.069516 12698
SB7_699 0.27713 0.92142 0.65005 3.76903 0.89970 0.50399 0.029065 12699
SB7_700 0.23216 0.85113 0.76863 2.46290 0.63809 1.31251 0.050367 12700
SB7_701 0.48913 0.74246 2.65919 0.45215 1.86144 0.65163 0.010738 12701
SB7_702 0.32110 0.98420 0.33884 0.73760 1.08371 1.70236 0.082707 12702
SB7_703 0.15019 0.62257 1.44407 1.07190 0.77710 0.84490 0.043702 12703
SB7_704 0.15525 0.99349 0.35956 3.18555 0.67449 0.73571 0.079468 12704
SB7_705 0.32308 0.60042 1.36069 0.29557 1.76527 1.45735 0.039137 12705
SB7_706 0.49111 0.87273 0.66391 0.66367 1.11796 0.56741 0.067433 12706
SB7_707 0.23721 0.73301 3.07820 1.99279 0.75105 1.12361 0.026477 12707
SB7_708 0.27827 0.68762 2.60345 1.26999 0.52873 0.61681 0.052684 12708
SB7_709 0.44926 0.90547 0.75174 0.87452 1.59223 1.21596 0.013721 12709
SB7_710 0.36727 0.77076 1.47637 0.38060 1.25203 0.95139 0.080335 12710
SB7_711 0.11027 0.83571 0.34608 2.07180 0.94835 1.87491 0.040746 12711
SB7_712 0.13690 0.78893 0.87471 0.30918 0.79273 0.70166 0.063162 12712
SB7_713 0.39065 0.80543 2.33670 3.59202 1.05954 1.38615 0.022949 12713
SB7_714 0.42271 0.67139 0.27267 1.46495 1.90275 0.91012 0.071126 12714
SB7_715 0.25483 0.93459 1.79455 0.53825 0.62597 1.79734 0.030287 12715
SB7_716 0.21073 0.89248 1.11993 0.83597 0.87838 0.83646 0.088989 12716
SB7_717 0.46758 0.70115 0.45624 1.12624 1.35222 1.66238 0.049909 12717
SB7_718 0.34967 0.97259 3.43101 2.81817 1.50807 0.54245 0.056642 12718
SB7_719 0.17864 0.63422 0.57044 0.46928 0.55843 1.07772 0.016936 12719
SB7_720 0.19427 0.81681 1.55542 1.68677 1.37242 1.54133 0.059397 12720
SB7_721 0.32780 0.77706 0.31459 0.63310 0.86755 0.75961 0.019181 12721
SB7_722 0.45820 0.94937 2.46799 0.25164 0.57450 1.18874 0.087370 12722
SB7_723 0.21385 0.65632 0.82817 2.98858 1.46151 0.58566 0.046529 12723
SB7_724 0.27046 0.71411 0.60187 2.29449 1.04076 1.28601 0.072748 12724
SB7_725 0.40084 0.87903 3.25185 0.39031 0.80889 0.63686 0.033665 12725
SB7_726 0.38127 0.64432 0.39720 0.96222 0.60990 1.98361 0.060410 12726
SB7_727 0.14003 0.96220 1.28641 1.32517 1.94680 0.98198 0.020701 12727
SB7_728 0.11339 0.61561 3.78469 0.55197 1.61193 1.34069 0.083207 12728
SB7_729 0.35789 0.97879 0.53998 1.62242 0.52107 0.66614 0.042874 12729
SB7_730 0.42738 0.74475 1.01382 3.74807 0.97845 1.73901 0.051181 12730
SB7_731 0.29390 0.86128 0.48259 0.34019 1.21729 0.86375 0.010223 12731
SB7_732 0.24034 0.91599 0.25881 0.44766 1.73018 1.60788 0.068938 12732
SB7_733 0.48173 0.67759 1.97418 2.38541 0.68650 0.79411 0.029972 12733
SB7_734 0.30121 0.84903 0.92272 1.05660 0.73413 1.04273 0.076598 12734
SB7_735 0.17087 0.75773 2.12101 0.71174 1.14714 0.51482 0.037007 12735
SB7_736 0.16301 0.66300 1.19742 2.10563 1.20400 1.14649 0.065071 12736
SB7_737 0.30905 0.93087 0.40861 0.35861 0.98918 0.58148 0.026030 12737
SB7_738 0.47696 0.79539 3.18667 0.87930 0.50434 1.48658 0.078046 12738
SB7_739 0.24511 0.81031 0.64134 1.20954 1.66529 0.75423 0.038378 12739
SB7_740 0.28921 0.96810 0.78334 1.83739 1.18515 1.92207 0.082149 12740
SB7_741 0.43209 0.62504 2.49829 0.68929 0.71063 0.97049 0.041740 12741
SB7_742 0.35002 0.89814 0.30655 0.27546 0.69404 1.24608 0.054810 12742
SB7_743 0.12127 0.70838 1.66664 3.27313 1.71148 0.62937 0.013776 12743
SB7_744 0.14464 0.86786 2.05620 0.48739 1.41483 1.69087 0.071378 12744
SB7_745 0.37664 0.72655 0.99398 2.59842 0.59342 0.85063 0.032219 12745
SB7_746 0.40864 0.99721 1.85769 1.15720 0.85823 1.30366 0.064351 12746
SB7_747 0.26265 0.60882 0.26339 0.77911 1.38725 0.65605 0.024567 12747
SB7_748 0.22159 0.76353 0.47544 0.50714 1.96787 1.00769 0.055843 12748
SB7_749 0.45049 0.83005 1.07475 1.48888 0.60341 0.51016 0.015551 12749
SB7_750 0.33246 0.69679 0.50531 3.42101 0.83555 1.55376 0.088505 12750
SB7_751 0.18962 0.90997 3.87339 0.31088 1.00762 0.78690 0.047588 12751
SB7_752 0.18649 0.73949 0.33094 1.39142 0.64658 0.54980 0.085126 12752
SB7_753 0.34183 0.85444 1.47853 0.95699 1.84197 1.11039 0.045965 12753
SB7_754 0.47236 0.61894 0.72471 0.41425 1.07098 0.71290 0.058090 12754
SB7_755 0.20597 0.98680 2.82024 2.25761 0.78421 1.44028 0.018303 12755
SB7_756 0.25953 0.84141 2.83464 2.90862 0.55249 0.91762 0.062106 12756
SB7_757 0.41801 0.75168 0.69048 0.27001 1.52439 1.86157 0.021812 12757
SB7_758 0.39851 0.92477 1.34806 0.60957 1.30916 0.59489 0.074758 12758
SB7_759 0.12902 0.68170 0.37905 1.82943 0.90732 1.20725 0.033839 12759
SB7_760 0.10565 0.94137 0.56807 0.76368 0.75929 0.87947 0.051315 12760
SB7_761 0.37189 0.65299 3.59771 1.02833 1.10576 1.78105 0.012271 12761
SB7_762 0.44147 0.82366 0.42231 2.58714 1.82372 0.67806 0.084280 12762
SB7_763 0.28608 0.78233 1.15856 0.43103 0.65283 1.37363 0.044610 12763
SB7_764 0.22949 0.64022 1.72083 0.33834 0.91799 0.52746 0.075918 12764
SB7_765 0.49883 0.95342 0.29690 3.93545 1.29351 1.06141 0.035506 12765
SB7_766 0.31842 0.72016 2.22257 1.59634 1.57502 0.81329 0.068569 12766
SB7_767 0.15989 0.88665 0.88052 0.58583 0.53455 1.63718 0.027532 12767
SB7_768 0.16072 0.92989 1.67907 0.28199 1.10247 0.99276 0.068695 12768
SB7_769 0.31759 0.66359 0.30433 3.31186 0.76161 1.96206 0.027700 12769
SB7_770 0.49966 0.81012 2.49657 1.91016 0.65487 0.64362 0.075730 12770
SB7_771 0.22865 0.79673 0.78399 0.69426 1.81820 1.27249 0.035360 12771
SB7_772 0.28691 0.62640 0.63493 0.91660 1.29041 0.59218 0.084073 12772
SB7_773 0.44064 0.96791 3.21899 1.22157 0.92012 1.17565 0.044523 12773
SB7_774 0.37272 0.70898 0.41004 2.16141 0.53580 0.76782 0.051422 12774
SB7_775 0.10482 0.89714 1.19329 0.36384 1.57120 1.52485 0.012497 12775
SB7_776 0.12829 0.72517 3.91231 3.45504 1.83773 0.52047 0.074844 12776
SB7_777 0.39924 0.86806 0.50022 0.32406 0.64813 1.03142 0.034044 12777
SB7_778 0.41728 0.60824 1.07096 0.51453 0.78612 0.80256 0.061881 12778
SB7_779 0.26026 0.99818 0.47706 1.52832 1.06846 1.59096 0.021706 12779
SB7_780 0.20524 0.83101 0.26145 1.17089 1.51971 0.87338 0.057923 12780
SB7_781 0.47309 0.76296 1.87139 0.79759 0.55414 1.71982 0.018178 12781
SB7_782 0.34110 0.91017 0.99472 0.49090 0.91007 0.67334 0.085271 12782
SB7_783 0.18723 0.69541 2.05460 2.70132 1.30511 1.32637 0.046152 12783
SB7_784 0.19035 0.85344 0.37983 0.60521 0.59203 1.89581 0.088613 12784
SB7_785 0.33172 0.74009 1.34513 1.75974 1.41828 0.94090 0.047810 12785
SB7_786 0.45122 0.98661 0.68630 2.87461 1.39056 1.22909 0.055639 12786
SB7_787 0.22086 0.62030 2.85155 0.26375 0.85626 0.61022 0.015462 12787
SB7_788 0.26338 0.75303 2.80659 0.40830 0.60154 1.13594 0.064167 12788
SB7_789 0.40790 0.84123 0.72819 2.19935 1.97382 0.56125 0.024420 12789
SB7_790 0.37737 0.68229 1.49143 1.37771 1.01064 1.47286 0.071505 12790
SB7_791 0.14391 0.92378 0.32806 0.91805 0.83298 0.72796 0.032383 12791
SB7_792 0.12044 0.65162 0.88483 1.55514 0.98619 1.08973 0.054958 12792
SB7_793 0.35085 0.94157 2.21201 0.57741 1.20776 0.53648 0.013961 12793
SB7_794 0.43126 0.78175 0.29434 0.32457 1.67040 1.68035 0.081984 12794
SB7_795 0.29004 0.82462 1.73600 3.89668 0.50284 0.82752 0.041612 12795
SB7_796 0.24428 0.95438 1.15614 2.48859 0.70891 1.81707 0.077822 12796
SB7_797 0.47779 0.63964 0.42322 0.42794 1.18792 0.90024 0.038269 12797
SB7_798 0.30822 0.88686 3.61949 0.74599 1.71544 1.40088 0.065161 12798
SB7_799 0.16384 0.71878 0.56468 1.01631 0.69238 0.69428 0.026234 12799
SB7_800 0.17161 0.60102 0.34959 0.37380 0.51945 1.19416 0.076764 12800
SB7_801 0.30047 0.99251 1.46160 2.01458 1.61682 0.60142 0.037136 12801
SB7_802 0.48247 0.73436 0.74915 1.26881 1.22092 1.84199 0.068789 12802
SB7_803 0.23961 0.87255 2.61255 0.84506 0.97546 0.92738 0.029787 12803
SB7_804 0.29463 0.90529 3.05585 0.66126 0.68489 1.42439 0.051092 12804
SB7_805 0.42665 0.68898 0.66886 1.92045 1.73438 0.72085 0.010018 12805
SB7_806 0.35862 0.83472 1.36182 3.12019 1.14989 1.09853 0.083431 12806
SB7_807 0.11266 0.77136 0.35931 0.28663 0.73243 0.55574 0.042983 12807
SB7_808 0.13919 0.80564 0.57464 2.71586 0.86544 1.61939 0.060613 12808
SB7_809 0.38210 0.78755 3.40578 0.46758 1.37566 0.82222 0.020790 12809
SB7_810 0.40001 0.93556 0.45588 0.81068 1.46488 1.05025 0.072640 12810
SB7_811 0.27128 0.67082 1.12077 1.10313 0.57313 0.53306 0.033442 12811
SB7_812 0.21303 0.70058 1.77645 1.42449 0.80645 1.35850 0.087242 12812
SB7_813 0.45904 0.89344 0.27541 0.52863 1.04400 0.68562 0.046364 12813
SB7_814 0.32697 0.63284 2.34465 0.29877 1.95279 1.76201 0.059580 12814
SB7_815 0.19510 0.97280 0.87162 3.58868 0.60808 0.88897 0.019328 12815
SB7_816 0.17947 0.77766 1.29260 0.99577 1.05702 0.62244 0.056867 12816
SB7_817 0.34885 0.81582 0.39528 1.32641 0.79455 1.25996 0.017041 12817
SB7_818 0.46841 0.65768 3.22354 2.35966 0.62744 0.96011 0.088903 12818
SB7_819 0.20990 0.94918 0.60712 0.39741 1.89812 1.94285 0.049703 12819
SB7_820 0.25566 0.87885 0.82637 0.25949 1.34819 0.74604 0.070981 12820
SB7_821 0.42188 0.71546 2.47306 3.05118 0.88108 1.50290 0.030101 12821
SB7_822 0.39148 0.96121 0.31646 1.75031 0.56017 0.57536 0.063329 12822
SB7_823 0.13607 0.64492 1.54601 0.63541 1.50352 1.15867 0.023074 12823
SB7_824 0.10954 0.97900 2.12556 1.07873 1.75988 0.77822 0.080522 12824
SB7_825 0.36800 0.61424 0.92079 0.73394 0.67650 1.57108 0.040892 12825
SB7_826 0.44852 0.86224 1.96240 0.44929 0.75333 0.50471 0.052558 12826
SB7_827 0.27901 0.74418 0.26038 2.47526 1.11448 1.01856 0.013553 12827
SB7_828 0.23648 0.67702 0.48029 3.75156 1.58855 0.64893 0.067326 12828
SB7_829 0.49184 0.91696 1.01878 0.35205 0.53000 1.31796 0.026250 12829
SB7_830 0.32235 0.75635 0.54474 0.56200 0.95065 0.84168 0.079675 12830
SB7_831 0.15598 0.84924 3.75207 1.66850 1.24910 1.70887 0.039225 12831
SB7_832 0.15093 0.76584 0.94170 2.08500 1.53571 1.45502 0.082520 12832
SB7_833 0.32037 0.82768 2.17018 0.37871 0.54688 0.73689 0.043556 12833
SB7_834 0.48987 0.69921 0.25500 0.86899 0.90178 1.12218 0.050494 12834
SB7_835 0.23143 0.90770 1.91862 1.27637 1.32068 0.56814 0.010906 12835
SB7_836 0.27786 0.86544 1.04016 1.98355 1.85581 1.22080 0.069623 12836
SB7_837 0.44421 0.72882 0.49121 0.66768 0.64008 0.61436 0.029292 12837
SB7_838 0.36367 0.99489 3.66847 0.29695 0.77948 1.88302 0.077283 12838
SB7_839 0.10839 0.61118 0.53350 3.16652 1.08049 0.94729 0.036328 12839
SB7_840 0.13174 0.96421 0.38702 0.47211 1.27865 1.38766 0.058832 12840
SB7_841 0.39033 0.62897 1.26433 2.80512 0.93110 0.70090 0.019751 12841
SB7_842 0.42074 0.89416 0.62077 1.11951 0.54144 1.79993 0.086804 12842
SB7_843 0.25134 0.71221 3.29259 0.83988 1.55062 0.90881 0.047099 12843
SB7_844 0.20793 0.66698 2.41892 0.53557 1.09315 1.65551 0.073311 12844
SB7_845 0.46336 0.92704 0.80912 1.47429 0.77019 0.83993 0.033097 12845
SB7_846 0.34379 0.79927 1.57913 3.61003 0.66131 1.07362 0.060972 12846
SB7_847 0.17749 0.80637 0.32357 0.30723 1.79561 0.54453 0.020134 12847
SB7_848 0.19937 0.64248 3.48230 1.31678 0.71494 0.76264 0.062595 12848
SB7_849 0.32816 0.95100 0.58695 0.96704 1.17471 1.53520 0.023512 12849
SB7_850 0.46024 0.72253 1.09734 0.39279 1.69871 0.58819 0.070558 12850
SB7_851 0.21730 0.88433 0.44591 2.28304 0.70110 1.18363 0.030850 12851
SB7_852 0.27322 0.93900 0.28131 3.00249 0.99527 0.63583 0.089560 12852
SB7_853 0.40511 0.65531 1.81634 0.25013 1.19351 1.28809 0.049343 12853
SB7_854 0.38720 0.82139 0.85255 0.63015 1.65301 0.98073 0.057211 12854
SB7_855 0.14112 0.78474 2.29571 1.69692 0.50951 1.98611 0.016371 12855
SB7_856 0.11776 0.83757 1.43146 0.70747 0.59567 0.66338 0.078788 12856
SB7_857 0.36055 0.75566 0.34179 1.06152 1.99867 1.34627 0.039822 12857
SB7_858 0.42858 0.92084 2.67188 2.39975 1.01924 0.86047 0.066752 12858
SB7_859 0.29974 0.68558 0.76488 0.44558 0.82372 1.74563 0.027162 12859
SB7_860 0.24081 0.74342 0.65395 0.34189 0.58586 0.79499 0.053367 12860
SB7_861 0.48674 0.85055 2.99271 3.72433 1.43709 1.60611 0.013033 12861
SB7_862 0.30474 0.62277 0.36685 1.61431 1.40336 0.51556 0.081017 12862
SB7_863 0.17280 0.98282 1.39277 0.55548 0.84615 1.04124 0.040059 12863
SB7_864 0.16812 0.89006 2.26153 3.28898 0.81497 0.57927 0.052000 12864
SB7_865 0.30942 0.70342 0.90370 0.27377 1.03029 1.15085 0.011591 12865
SB7_866 0.47898 0.97027 1.69958 0.68597 1.93507 0.75110 0.084964 12866
SB7_867 0.24855 0.63659 0.28788 1.84880 0.61532 1.49276 0.043931 12867
SB7_868 0.29196 0.79125 0.43225 1.20250 0.87400 0.97188 0.075231 12868
SB7_869 0.43636 0.80306 1.18199 0.88327 1.35851 1.91932 0.036188 12869
SB7_870 0.35596 0.67381 0.55227 0.36071 1.45258 0.63007 0.067881 12870
SB7_871 0.12237 0.93232 3.54359 2.09624 0.57955 1.24470 0.028214 12871
SB7_872 0.14902 0.69160 1.31748 0.31227 0.67867 0.85431 0.085689 12872
SB7_873 0.37930 0.90164 0.37139 3.40113 1.75503 1.68361 0.045397 12873
SB7_874 0.40983 0.77464 2.91654 1.48223 1.16204 0.65867 0.058652 12874
SB7_875 0.26848 0.83178 0.70077 0.51012 0.72282 1.29848 0.017736 12875
SB7_876 0.22205 0.98961 0.71203 0.77432 0.51509 0.50952 0.061541 12876
SB7_877 0.45549 0.60436 2.74889 1.16281 1.63494 1.00896 0.022382 12877
SB7_878 0.33600 0.86875 0.33497 2.61454 1.23300 0.78563 0.074193 12878
SB7_879 0.19155 0.73684 1.52546 0.48505 0.96329 1.55627 0.034409 12879
SB7_880 0.18218 0.91362 0.51162 1.82060 1.60202 1.11199 0.071948 12880
SB7_881 0.33912 0.67991 3.99483 0.61335 0.52413 0.54901 0.031653 12881
SB7_882 0.47111 0.84676 0.46726 0.27131 0.94135 1.44185 0.064921 12882
SB7_883 0.20018 0.76015 1.04716 2.89068 1.26486 0.71212 0.024002 12883
SB7_884 0.25911 0.61789 1.91080 2.27080 1.77598 1.85450 0.055275 12884
SB7_885 0.41295 0.97638 0.26742 0.41239 0.66855 0.92112 0.016113 12885
SB7_886 0.39493 0.74712 2.00897 0.95141 0.74545 1.20227 0.087937 12886
SB7_887 0.12714 0.85896 0.97426 1.39766 1.12932 0.59736 0.048151 12887
SB7_888 0.10050 0.71804 0.29794 0.58319 1.33499 1.77879 0.065754 12888
SB7_889 0.37158 0.87515 1.64220 1.60567 0.89220 0.88059 0.025342 12889
SB7_890 0.43949 0.64816 0.80153 3.95308 0.56492 1.37143 0.078728 12890
SB7_891 0.28259 0.95822 2.54978 0.33637 1.48684 0.67915 0.037692 12891
SB7_892 0.22667 0.81298 3.14825 0.43369 1.04595 1.06601 0.081470 12892
SB7_893 0.49461 0.78104 0.62162 2.57467 0.80513 0.52518 0.042425 12893
SB7_894 0.31254 0.94544 1.21877 1.02199 0.63319 1.64369 0.054130 12894
SB7_895 0.15874 0.66020 0.41921 0.76737 1.87581 0.81007 0.014461 12895
SB7_896 0.15743 0.82024 1.08877 1.28891 0.96930 1.36249 0.072889 12896
SB7_897 0.31464 0.78653 0.46926 0.86756 1.22545 0.69103 0.033221 12897
SB7_898 0.49661 0.94010 3.85027 0.38428 1.62741 1.76665 0.060229 12898
SB7_899 0.22545 0.65348 0.50828 2.04923 0.51751 0.89633 0.021185 12899
SB7_900 0.28361 0.72377 0.97910 3.20440 0.73506 1.61517 0.059968 12900
SB7_901 0.43768 0.88226 2.08737 0.29106 1.14259 0.81553 0.018932 12901
SB7_902 0.36968 0.64129 0.26584 0.67241 1.72769 1.04711 0.086994 12902
SB7_903 0.10162 0.95312 1.84044 1.97493 0.68935 0.52888 0.046582 12903
SB7_904 0.12504 0.62470 2.53722 0.82324 0.57058 1.42089 0.069196 12904
SB7_905 0.39625 0.98182 0.77142 1.13289 1.47556 0.71481 0.029410 12905
SB7_906 0.41417 0.74154 1.65187 2.79293 1.38163 1.09550 0.076535 12906
SB7_907 0.25711 0.85160 0.30934 0.47546 0.85944 0.55130 0.037373 12907
SB7_908 0.20198 0.91881 0.40319 0.30672 0.61244 1.19753 0.083661 12908
SB7_909 0.47009 0.68688 1.21356 3.64548 1.94401 0.60628 0.042742 12909
SB7_910 0.33800 0.83955 0.64495 1.44900 1.03663 1.84649 0.050688 12910
SB7_911 0.18408 0.75432 3.16899 0.54344 0.80992 0.93515 0.010394 12911
SB7_912 0.19346 0.99672 0.29288 2.32289 1.90549 0.65427 0.052933 12912
SB7_913 0.33487 0.61009 1.74470 0.38710 0.62338 1.32138 0.013149 12913
SB7_914 0.45446 0.86365 0.89002 0.96863 0.79172 0.84836 0.080281 12914
SB7_915 0.22386 0.72997 2.19914 1.30397 1.06376 1.71395 0.041122 12915
SB7_916 0.26648 0.69708 3.64004 1.70433 1.49372 0.77214 0.079912 12916
SB7_917 0.41105 0.90890 0.56148 0.62572 0.56227 1.56645 0.038996 12917
SB7_918 0.38062 0.76792 1.15018 0.25519 0.88667 0.50058 0.066949 12918
SB7_919 0.14691 0.82644 0.42541 2.96700 1.34321 1.01587 0.026657 12919
SB7_920 0.12350 0.79822 0.68219 0.44244 1.12242 0.74004 0.089121 12920
SB7_921 0.35405 0.80825 2.86872 2.41022 0.75009 1.49869 0.049455 12921
SB7_922 0.43455 0.66798 0.38166 1.04898 0.67170 0.57057 0.056471 12922
SB7_923 0.29299 0.92511 1.33865 0.72177 1.76781 1.15586 0.017429 12923
SB7_924 0.24733 0.89550 1.49941 0.54743 1.24369 0.62768 0.063724 12924
SB7_925 0.48098 0.71024 0.32631 1.64249 0.95730 1.26310 0.022690 12925
SB7_926 0.31152 0.96292 2.79121 3.68812 0.53237 0.96783 0.070760 12926
SB7_927 0.16680 0.63100 0.73221 0.34246 1.57708 1.94826 0.030351 12927
SB7_928 0.17470 0.74915 0.45338 1.86066 1.82603 0.87550 0.062277 12928
SB7_929 0.30362 0.85767 1.12694 0.68345 0.65024 1.73427 0.021319 12929
SB7_930 0.48572 0.61591 0.57771 0.27723 0.75819 0.67523 0.074626 12930
SB7_931 0.24261 0.97772 3.38767 3.22163 1.11035 1.33712 0.034293 12931
SB7_932 0.29773 0.84483 2.35601 2.12851 1.56030 0.51902 0.085493 12932
SB7_933 0.42980 0.76115 0.86743 0.35428 0.53813 1.02320 0.045902 12933
SB7_934 0.36187 0.91550 1.76582 0.89133 0.92681 0.80056 0.057529 12934
SB7_935 0.11567 0.67886 0.27707 1.20133 1.28467 1.57767 0.018562 12935
SB7_936 0.14225 0.94420 0.74529 0.50102 1.07543 0.59043 0.075971 12936
SB7_937 0.38530 0.66228 2.62607 1.50504 0.78308 1.16640 0.035130 12937
SB7_938 0.40331 0.81418 0.35158 3.39783 0.64402 0.76584 0.068319 12938
SB7_939 0.27424 0.77892 1.45335 0.31513 1.84431 1.51240 0.028103 12939
SB7_940 0.21608 0.64930 1.36979 0.48327 1.30022 0.99539 0.051798 12940
SB7_941 0.46224 0.95644 0.35722 2.63129 0.91604 1.97825 0.012090 12941
SB7_942 0.33026 0.71694 3.04060 1.13900 0.55619 0.64553 0.083835 12942
SB7_943 0.19805 0.87698 0.67221 0.78411 1.51014 1.28250 0.044752 12943
SB7_944 0.17617 0.67247 1.99336 2.95112 0.85006 1.83171 0.082213 12944
SB7_945 0.34589 0.93430 0.25633 0.26792 1.39678 0.90273 0.041374 12945
SB7_946 0.46536 0.79255 2.09005 0.61561 1.42818 1.41271 0.054551 12946
SB7_947 0.20671 0.80103 0.93642 1.80900 0.58947 0.69600 0.014337 12947
SB7_948 0.25237 0.97132 0.53592 1.39902 0.83675 1.08067 0.065564 12948
SB7_949 0.41893 0.63471 3.81386 0.94280 1.00345 0.53517 0.025859 12949
SB7_950 0.38842 0.88906 0.48812 0.41987 1.96537 1.66688 0.077592 12950
SB7_951 0.13287 0.70535 1.00246 2.23638 0.60582 0.82518 0.038510 12951
SB7_952 0.10629 0.87088 3.27775 0.33332 0.50098 1.12662 0.056023 12952
SB7_953 0.36499 0.73564 0.59709 3.95691 1.68101 0.55978 0.015068 12953
SB7_954 0.44543 0.98754 1.27231 1.58134 1.21228 1.46133 0.088363 12954
SB7_955 0.27586 0.60560 0.40158 0.59378 0.97977 0.72583 0.048032 12955
SB7_956 0.23324 0.77281 0.31144 0.75779 0.69681 1.91081 0.071754 12956
SB7_957 0.48884 0.83288 1.57092 1.04335 1.70931 0.94372 0.032165 12957
SB7_958 0.31925 0.69338 0.84012 2.55829 1.18024 1.23918 0.063780 12958
SB7_959 0.15283 0.90049 2.43258 0.43529 0.71166 0.61181 0.024816 12959
SB7_960 0.15398 0.68432 0.61071 0.70447 0.61765 0.50809 0.058435 12960
SB7_961 0.32357 0.92249 3.34677 1.87738 1.92239 1.00085 0.017984 12961
SB7_962 0.49316 0.75106 0.39332 3.34439 1.02653 0.78373 0.086086 12962
SB7_963 0.23438 0.84257 1.24406 0.28153 0.82011 1.54330 0.045010 12963
SB7_964 0.28091 0.98468 1.60406 0.36642 0.57583 0.85644 0.073798 12964
SB7_965 0.44740 0.62130 0.31854 2.15201 1.45815 1.69779 0.034793 12965
SB7_966 0.36697 0.85532 2.37853 1.23618 1.36725 0.66051 0.061763 12966
SB7_967 0.11135 0.73904 0.82286 0.89844 0.87084 1.30892 0.022132 12967
SB7_968 0.13485 0.88562 0.25096 1.52168 0.72789 0.97440 0.084589 12968
SB7_969 0.39348 0.72085 1.94955 0.51818 1.15697 1.93511 0.044334 12969
SB7_970 0.42398 0.95558 0.95737 0.31764 1.74240 0.63195 0.052241 12970
SB7_971 0.25434 0.63751 2.13469 3.49635 0.68168 1.25457 0.011361 12971
SB7_972 0.21102 0.78290 3.73012 2.65498 0.95921 0.57756 0.067644 12972
SB7_973 0.46650 0.82283 0.52467 0.49812 1.24170 1.14186 0.028443 12973
SB7_974 0.34704 0.65052 1.02382 0.79627 1.64240 0.74911 0.075607 12974
SB7_975 0.18050 0.94340 0.49905 1.18239 0.51140 1.48054 0.035781 12975
SB7_976 0.19612 0.70764 2.68479 0.26419 1.25678 1.05708 0.078321 12976
SB7_977 0.32516 0.89912 0.76120 2.84665 0.94476 0.52389 0.038068 12977
SB7_978 0.45713 0.62770 1.42287 1.79046 0.52752 1.63055 0.065983 12978
SB7_979 0.21415 0.96588 0.34385 0.59644 1.59590 0.80783 0.025105 12979
SB7_980 0.26997 0.81117 0.36484 0.93660 1.13346 1.79316 0.053900 12980
SB7_981 0.40211 0.79485 1.40046 1.36143 0.74078 0.88308 0.014702 12981
SB7_982 0.38410 0.92888 0.65745 2.20896 0.66602 1.38293 0.081873 12982
SB7_983 0.13798 0.66552 2.97682 0.40542 1.78771 0.68081 0.042050 12983
SB7_984 0.11447 0.91230 1.10377 3.85064 1.48011 1.86913 0.064671 12984
SB7_985 0.35760 0.69422 0.44332 0.33113 0.56898 0.92383 0.024223 12985
SB7_986 0.42553 0.82894 3.46497 0.57334 0.89601 1.21222 0.072332 12986
SB7_987 0.29653 0.76420 0.58988 1.56193 1.32561 0.59893 0.031259 12987
SB7_988 0.23751 0.60641 0.84815 1.00643 1.88938 1.10294 0.087549 12988
SB7_989 0.48378 0.99928 2.30757 0.74722 0.63040 0.54758 0.048547 12989
SB7_990 0.30170 0.72695 0.28291 0.42174 0.79951 1.43054 0.055524 12990
SB7_991 0.16960 0.86692 1.80606 2.53202 1.05055 0.70999 0.015896 12991
SB7_992 0.16487 0.96006 2.93312 0.85574 1.31125 1.65116 0.086420 12992
SB7_993 0.30641 0.64670 0.69681 1.24283 0.90588 0.83304 0.047494 12993
SB7_994 0.47588 0.87995 1.31071 2.02749 0.55075 1.07048 0.059081 12994
SB7_995 0.24540 0.71363 0.37331 0.37243 1.52919 0.54026 0.019529 12995
SB7_996 0.28872 0.65892 0.33330 0.28925 1.08527 1.39183 0.060724 12996
SB7_997 0.43336 0.94711 1.53309 3.11715 0.77388 0.70644 0.020352 12997
SB7_998 0.35285 0.77646 0.71619 1.95001 0.63728 1.80464 0.073698 12998
SB7_999 0.11922 0.81795 2.73286 0.64948 1.86886 0.91627 0.032701 12999
SB7_1000 0.14572 0.75828 1.70865 1.10207 1.54503 1.22418 0.050265 13000
SB7_1001 0.37634 0.84824 0.28635 0.81809 0.54492 0.61931 0.011143 13001
SB7_1002 0.40678 0.67514 2.24913 0.45924 0.93468 1.88767 0.082927 13002
SB7_1003 0.26529 0.91800 0.90868 2.75766 1.27042 0.95529 0.043179 13003
SB7_1004 0.21876 0.86021 0.54896 3.51521 1.80692 1.45148 0.076879 13004
SB7_1005 0.45254 0.74548 3.56498 0.30254 0.65890 0.73076 0.036703 13005
SB7_1006 0.33294 0.98098 0.43434 0.52669 0.76514 1.11902 0.069853 13006
SB7_1007 0.18835 0.61290 1.17630 1.43361 1.09730 0.56358 0.029051 13007
SB7_1008 0.18523 0.83655 0.78896 0.39887 0.70417 0.78873 0.066511 13008
SB7_1009 0.34232 0.77026 2.59047 2.34463 1.68687 1.60134 0.027392 13009
SB7_1010 0.47441 0.90351 0.30295 1.35414 1.16953 0.51135 0.079164 13010
SB7_1011 0.20314 0.69012 1.61506 0.98334 0.72012 1.03855 0.039418 13011
SB7_1012 0.26216 0.73223 1.23904 0.64694 0.50594 0.66886 0.080640 13012
SB7_1013 0.41615 0.87375 0.41235 1.72378 1.66005 1.34985 0.040466 13013
SB7_1014 0.39822 0.60310 3.09829 3.05416 1.20210 0.86724 0.053604 13014
SB7_1015 0.13009 0.99126 0.63164 0.25714 0.99075 1.75078 0.012804 13015
SB7_1016 0.10360 0.63179 0.45946 2.43775 0.82915 0.64117 0.070162 13016
SB7_1017 0.37473 0.97468 1.06493 0.45744 1.01540 1.29121 0.031238 13017
SB7_1018 0.44273 0.70158 0.51969 0.72730 1.98614 0.98868 0.062813 13018
SB7_1019 0.28559 0.89151 3.93276 1.07978 0.59786 1.99168 0.023263 13019
SB7_1020 0.22978 0.93690 2.04171 1.65788 0.84292 0.75656 0.056990 13020
SB7_1021 0.49776 0.66884 0.95864 0.56408 1.41244 1.53094 0.016620 13021
SB7_1022 0.31578 0.80434 1.87986 0.34766 1.44231 0.58328 0.089955 13022
SB7_1023 0.16175 0.78958 0.27182 3.82997 0.58212 1.18069 0.048959 13023
