#Name  Omega_m  sigma_8  A_SN1     A_AGN1  A_SN2  A_AGN2  seed
1P_1_0 0.30000 0.80000   1.00000   1.00000 1.00000 1.00000 67
1P_2_0 0.30000 0.80000   1.00000   1.00000 1.00000 1.00000 67
1P_3_0 0.30000 0.80000   1.00000   1.00000 1.00000 1.00000 67
1P_4_0 0.30000 0.80000   1.00000   1.00000 1.00000 1.00000 67
1P_5_0 0.30000 0.80000   1.00000   1.00000 1.00000 1.00000 67
1P_6_0 0.30000 0.80000   1.00000   1.00000 1.00000 1.00000 67
1P_1_n5 0.10000 0.80000   1.00000   1.00000 1.00000 1.00000 67
1P_1_n4 0.14000 0.80000   1.00000   1.00000 1.00000 1.00000 67
1P_1_n3 0.18000 0.80000   1.00000   1.00000 1.00000 1.00000 67
1P_1_n2 0.22000 0.80000   1.00000   1.00000 1.00000 1.00000 67
1P_1_n1 0.26000 0.80000   1.00000   1.00000 1.00000 1.00000 67
 1P_1_1 0.34000 0.80000   1.00000   1.00000 1.00000 1.00000 67
 1P_1_2 0.38000 0.80000   1.00000   1.00000 1.00000 1.00000 67
 1P_1_3 0.42000 0.80000   1.00000   1.00000 1.00000 1.00000 67
 1P_1_4 0.46000 0.80000   1.00000   1.00000 1.00000 1.00000 67
 1P_1_5 0.50000 0.80000   1.00000   1.00000 1.00000 1.00000 67
1P_2_n5 0.30000 0.60000   1.00000   1.00000 1.00000 1.00000 67
1P_2_n4 0.30000 0.64000   1.00000   1.00000 1.00000 1.00000 67
1P_2_n3 0.30000 0.68000   1.00000   1.00000 1.00000 1.00000 67
1P_2_n2 0.30000 0.72000   1.00000   1.00000 1.00000 1.00000 67
1P_2_n1 0.30000 0.76000   1.00000   1.00000 1.00000 1.00000 67
 1P_2_1 0.30000 0.84000   1.00000   1.00000 1.00000 1.00000 67
 1P_2_2 0.30000 0.88000   1.00000   1.00000 1.00000 1.00000 67
 1P_2_3 0.30000 0.92000   1.00000   1.00000 1.00000 1.00000 67
 1P_2_4 0.30000 0.96000   1.00000   1.00000 1.00000 1.00000 67
 1P_2_5 0.30000 1.00000   1.00000   1.00000 1.00000 1.00000 67
1P_3_n5 0.30000 0.80000   0.25000   1.00000 1.00000 1.00000 67
1P_3_n4 0.30000 0.80000   0.32988   1.00000 1.00000 1.00000 67
1P_3_n3 0.30000 0.80000   0.43528   1.00000 1.00000 1.00000 67
1P_3_n2 0.30000 0.80000   0.57435   1.00000 1.00000 1.00000 67
1P_3_n1 0.30000 0.80000   0.75786   1.00000 1.00000 1.00000 67
 1P_3_1 0.30000 0.80000   1.31951   1.00000 1.00000 1.00000 67
 1P_3_2 0.30000 0.80000   1.74110   1.00000 1.00000 1.00000 67
 1P_3_3 0.30000 0.80000   2.29740   1.00000 1.00000 1.00000 67
 1P_3_4 0.30000 0.80000   3.03143   1.00000 1.00000 1.00000 67
 1P_3_5 0.30000 0.80000   4.00000   1.00000 1.00000 1.00000 67
1P_4_n5 0.30000 0.80000   1.00000   0.25000 1.00000 1.00000 67
1P_4_n4 0.30000 0.80000   1.00000   0.32988 1.00000 1.00000 67
1P_4_n3 0.30000 0.80000   1.00000   0.43528 1.00000 1.00000 67
1P_4_n2 0.30000 0.80000   1.00000   0.57435 1.00000 1.00000 67
1P_4_n1 0.30000 0.80000   1.00000   0.75786 1.00000 1.00000 67
 1P_4_1 0.30000 0.80000   1.00000   1.31951 1.00000 1.00000 67
 1P_4_2 0.30000 0.80000   1.00000   1.74110 1.00000 1.00000 67
 1P_4_3 0.30000 0.80000   1.00000   2.29740 1.00000 1.00000 67
 1P_4_4 0.30000 0.80000   1.00000   3.03143 1.00000 1.00000 67
 1P_4_5 0.30000 0.80000   1.00000   4.00000 1.00000 1.00000 67
1P_5_n5 0.30000 0.80000   1.00000   1.00000 0.50000 1.00000 67
1P_5_n4 0.30000 0.80000   1.00000   1.00000 0.57435 1.00000 67
1P_5_n3 0.30000 0.80000   1.00000   1.00000 0.65975 1.00000 67
1P_5_n2 0.30000 0.80000   1.00000   1.00000 0.75786 1.00000 67
1P_5_n1 0.30000 0.80000   1.00000   1.00000 0.87055 1.00000 67
 1P_5_1 0.30000 0.80000   1.00000   1.00000 1.14870 1.00000 67
 1P_5_2 0.30000 0.80000   1.00000   1.00000 1.31951 1.00000 67
 1P_5_3 0.30000 0.80000   1.00000   1.00000 1.51572 1.00000 67
 1P_5_4 0.30000 0.80000   1.00000   1.00000 1.74110 1.00000 67
 1P_5_5 0.30000 0.80000   1.00000   1.00000 2.00000 1.00000 67
1P_6_n5 0.30000 0.80000   1.00000   1.00000 1.00000 0.50000 67
1P_6_n4 0.30000 0.80000   1.00000   1.00000 1.00000 0.57435 67
1P_6_n3 0.30000 0.80000   1.00000   1.00000 1.00000 0.65975 67
1P_6_n2 0.30000 0.80000   1.00000   1.00000 1.00000 0.75786 67
1P_6_n1 0.30000 0.80000   1.00000   1.00000 1.00000 0.87055 67
 1P_6_1 0.30000 0.80000   1.00000   1.00000 1.00000 1.14870 67
 1P_6_2 0.30000 0.80000   1.00000   1.00000 1.00000 1.31951 67
 1P_6_3 0.30000 0.80000   1.00000   1.00000 1.00000 1.51572 67
 1P_6_4 0.30000 0.80000   1.00000   1.00000 1.00000 1.74110 67
 1P_6_5 0.30000 0.80000   1.00000   1.00000 1.00000 2.00000 67
