#Name  Omega_m  sigma_8  A_SN1     A_AGN1  A_SN2  A_AGN2  seed
   BE_0 0.30000 0.80000   1.00000   1.00000 1.00000 1.00000 67
   BE_1 0.30000 0.80000   1.00000   1.00000 1.00000 1.00000 67
   BE_2 0.30000 0.80000   1.00000   1.00000 1.00000 1.00000 67
   BE_3 0.30000 0.80000   1.00000   1.00000 1.00000 1.00000 67
   BE_4 0.30000 0.80000   1.00000   1.00000 1.00000 1.00000 67
   BE_5 0.30000 0.80000   1.00000   1.00000 1.00000 1.00000 67
   BE_6 0.30000 0.80000   1.00000   1.00000 1.00000 1.00000 67
   BE_7 0.30000 0.80000   1.00000   1.00000 1.00000 1.00000 67
   BE_8 0.30000 0.80000   1.00000   1.00000 1.00000 1.00000 67
   BE_9 0.30000 0.80000   1.00000   1.00000 1.00000 1.00000 67
  BE_10 0.30000 0.80000   1.00000   1.00000 1.00000 1.00000 67
  BE_11 0.30000 0.80000   1.00000   1.00000 1.00000 1.00000 67
  BE_12 0.30000 0.80000   1.00000   1.00000 1.00000 1.00000 67
  BE_13 0.30000 0.80000   1.00000   1.00000 1.00000 1.00000 67
  BE_14 0.30000 0.80000   1.00000   1.00000 1.00000 1.00000 67
  BE_15 0.30000 0.80000   1.00000   1.00000 1.00000 1.00000 67
  BE_16 0.30000 0.80000   1.00000   1.00000 1.00000 1.00000 67
  BE_17 0.30000 0.80000   1.00000   1.00000 1.00000 1.00000 67
  BE_18 0.30000 0.80000   1.00000   1.00000 1.00000 1.00000 67
  BE_19 0.30000 0.80000   1.00000   1.00000 1.00000 1.00000 67
  BE_20 0.30000 0.80000   1.00000   1.00000 1.00000 1.00000 67
  BE_21 0.30000 0.80000   1.00000   1.00000 1.00000 1.00000 67
  BE_22 0.30000 0.80000   1.00000   1.00000 1.00000 1.00000 67
  BE_23 0.30000 0.80000   1.00000   1.00000 1.00000 1.00000 67
  BE_24 0.30000 0.80000   1.00000   1.00000 1.00000 1.00000 67
  BE_25 0.30000 0.80000   1.00000   1.00000 1.00000 1.00000 67
  BE_26 0.30000 0.80000   1.00000   1.00000 1.00000 1.00000 67
