#Name Omega_m    sigma_8    A_SN1      A_AGN1     A_SN2      A_AGN2   Omega_b    seed
SB7_0 0.16218600 0.84301300 0.48957400 2.60766400 0.71952700 1.626260 0.05710000 12000
SB7_1 0.31613100 0.75012600 1.04372800 0.48895900 1.16693600 0.412423 0.01680800 12001
SB7_2 0.49819400 0.92322500 0.53171500 0.77634500 1.69003300 3.869353 0.08976200 12002
SB7_3 0.23011700 0.68329300 3.68107000 1.15348700 0.70451600 0.980635 0.04884500 12003
SB7_4 0.28524900 0.73790400 2.17763700 1.48610900 0.98993800 2.313429 0.07012000 12004
SB7_5 0.44229400 0.85596700 0.93855500 0.50602700 1.19942600 0.592592 0.03096200 12005
SB7_6 0.37438800 0.62046000 1.92520100 0.31145200 1.66317800 1.375997 0.06309400 12006
SB7_7 0.10316100 0.98522700 0.25415200 3.42854300 0.50618000 0.352220 0.02330900 12007
SB7_8 0.12975400 0.63864600 0.80634600 0.35782000 0.59918900 2.514879 0.08091100 12008
SB7_9 0.39778200 0.95493300 2.42700200 2.10172400 1.98778400 0.648212 0.04050300 12009
SB7_10 0.41581000 0.72169000 0.32246000 1.21219600 1.01489700 1.057790 0.05357200 12010
SB7_11 0.26172000 0.88507200 1.58442900 0.88094400 0.82759800 0.272456 0.01253800 12011
SB7_12 0.20357200 0.94296100 1.26856800 0.69150200 0.58341500 1.769517 0.06630900 12012
SB7_13 0.47475000 0.65144700 0.38569500 1.84394000 1.44348900 0.450790 0.02726700 12013
SB7_14 0.34276000 0.82209900 3.30359700 3.26261500 1.41175600 2.976812 0.07928300 12014
SB7_15 0.18556800 0.78393100 0.61864600 0.27448700 0.84133500 0.757856 0.03961600 12015
SB7_16 0.18869400 0.96652600 1.81995600 1.03024600 1.52580600 0.370472 0.07715500 12016
SB7_17 0.33338500 0.62656300 0.28073200 0.76536800 0.55029600 1.518260 0.03674400 12017
SB7_18 0.45287500 0.89966700 2.30027800 0.43022300 0.90632600 0.881460 0.06980600 12018
SB7_19 0.21919800 0.70680000 0.85077800 2.58146500 1.31371400 3.610019 0.02877000 12019
SB7_20 0.26484500 0.66459100 0.58572800 3.92147300 1.86470500 0.532302 0.05007700 12020
SB7_21 0.40643600 0.92932800 3.48922100 0.33725500 0.63675600 2.159842 0.01103300 12021
SB7_22 0.37590800 0.79382700 0.44498800 0.58790700 0.77425300 0.316605 0.08304200 12022
SB7_23 0.14537900 0.81190800 1.09952100 1.60148300 1.08732600 1.283746 0.04337200 12023
SB7_24 0.11878600 0.76513100 2.99892900 0.95391500 1.27148100 0.688691 0.06084900 12024
SB7_25 0.35251300 0.82849500 0.65265500 1.38648200 0.93674700 2.807314 0.02055500 12025
SB7_26 0.43291900 0.69524600 1.39565700 2.26488200 0.54389800 0.289672 0.07350100 12026
SB7_27 0.28837400 0.91156300 0.36611900 0.41572500 1.54427500 1.179969 0.03258100 12027
SB7_28 0.24574200 0.86627200 0.34111000 0.27060200 1.09820900 0.478950 0.08638400 12028
SB7_29 0.47631800 0.72808500 1.43442400 2.91404500 0.76684000 1.975242 0.04722300 12029
SB7_30 0.30675500 0.99873100 0.76336400 1.82540600 0.65765500 0.805727 0.05934700 12030
SB7_31 0.16531100 0.60724900 2.67743200 0.60844500 1.80605800 3.320715 0.01956100 12031
SB7_32 0.16994300 0.71250600 1.17804200 3.59992800 1.59506300 0.864359 0.08775200 12032
SB7_33 0.30213100 0.88058700 0.43373300 0.30975900 0.52654700 3.375653 0.04867100 12033
SB7_34 0.48413000 0.64586800 3.53178000 0.53705900 0.94682300 0.363306 0.05540400 12034
SB7_35 0.23795000 0.96060400 0.55416200 1.46222500 1.25787000 1.419844 0.01569800 12035
SB7_36 0.29609900 0.81839600 0.90680700 1.12262500 1.78676200 0.307498 0.06440000 12036
SB7_37 0.42518600 0.77552800 2.25399400 0.83300800 0.66480000 1.212155 0.02418700 12037
SB7_38 0.35715500 0.94785100 0.28887000 0.47078800 0.74239200 0.516957 0.07236400 12038
SB7_39 0.11412400 0.65788900 1.69390700 2.82820300 1.13444700 2.039173 0.03152500 12039
SB7_40 0.13753100 0.91755600 2.73946900 0.29451700 1.32806900 0.282521 0.05394100 12040
SB7_41 0.38376000 0.67607400 0.71441100 3.17533800 0.89647300 1.109321 0.01497800 12041
SB7_42 0.40167000 0.84750000 1.52025000 1.99987900 0.56849000 0.671759 0.08159200 12042
SB7_43 0.26962800 0.75931400 0.33609100 0.66581400 1.47688100 2.639403 0.04200300 12043
SB7_44 0.21449400 0.61402200 0.37262900 0.87614200 1.05248300 0.795425 0.07821100 12044
SB7_45 0.45757400 0.98034000 1.31297900 1.27279700 0.79993600 3.084836 0.03788000 12045
SB7_46 0.32550200 0.74631000 0.70311800 2.06793600 0.62984600 0.472779 0.06617500 12046
SB7_47 0.19656000 0.85967300 2.90654900 0.37976900 1.88528000 1.834817 0.02521900 12047
SB7_48 0.18093500 0.68918600 0.26794800 1.62763700 0.81860100 3.758015 0.06768000 12048
SB7_49 0.34737600 0.90395400 1.90684400 0.55393700 1.02598600 0.925819 0.02871400 12049
SB7_50 0.46694900 0.76922800 0.97619500 0.33909800 1.92404200 1.579566 0.07534100 12050
SB7_51 0.21136900 0.83729100 2.00481200 3.73479000 0.61900100 0.389412 0.03575000 12051
SB7_52 0.25400200 0.99190300 3.98655900 2.38016000 0.86924400 1.349426 0.08446400 12052
SB7_53 0.42354500 0.60197000 0.51264100 0.44683000 1.36651500 0.329370 0.04413100 12053
SB7_54 0.39313500 0.87428700 1.04499000 0.71330400 1.45941400 2.268617 0.05243900 12054
SB7_55 0.13440600 0.73140200 0.46819500 1.05857100 0.57708500 0.554091 0.01148000 12055
SB7_56 0.11099900 0.89087400 0.62291500 0.63192100 0.68204000 1.044102 0.07398600 12056
SB7_57 0.36653000 0.70270600 3.14200400 1.68306700 1.74561700 0.253095 0.03490300 12057
SB7_58 0.44706200 0.97413800 0.42007700 2.99414800 1.15444500 2.482597 0.06164800 12058
SB7_59 0.28047400 0.63262600 1.21634800 0.25219800 0.72726600 0.602187 0.02193900 12059
SB7_60 0.23482500 0.79051400 1.63893200 0.39169800 0.51167800 2.903534 0.05815900 12060
SB7_61 0.49350600 0.80389600 0.29855600 2.30188100 1.64541100 0.712562 0.01794300 12061
SB7_62 0.32400600 0.66987200 2.54472400 1.32047200 1.23900600 1.725776 0.08613200 12062
SB7_63 0.15431800 0.93615900 0.80319900 0.95914200 0.95837600 0.423822 0.04529100 12063
SB7_64 0.15239200 0.65392900 3.20796000 0.29960300 0.58835500 0.320920 0.07171200 12064
SB7_65 0.31890700 0.93916100 0.63705500 3.55938600 1.42749800 1.266487 0.03189000 12065
SB7_66 0.48840000 0.78726600 1.18921300 1.42053200 1.39793400 0.539555 0.06406100 12066
SB7_67 0.23289300 0.81920300 0.41141000 0.53299400 0.85195700 2.130803 0.02486200 12067
SB7_68 0.27619800 0.95199400 0.30534500 0.80842900 0.60467900 0.903201 0.05613300 12068
SB7_69 0.44586200 0.64192600 1.67332900 1.11223900 1.96441200 3.523121 0.01525500 12069
SB7_70 0.36533700 0.88142500 0.78661400 2.72349000 1.00429100 0.379609 0.08817000 12070
SB7_71 0.10672900 0.72431100 2.48801500 0.46375900 0.83860500 1.481712 0.04791700 12071
SB7_72 0.13321300 0.85272900 1.86514300 3.14594400 0.98024100 0.830083 0.06536100 12072
SB7_73 0.38886600 0.74089800 0.26234900 0.28583100 1.21457600 3.223278 0.02573400 12073
SB7_74 0.41926900 0.98264900 2.04775200 0.65586200 1.67727100 0.493429 0.07771100 12074
SB7_75 0.25280300 0.62416200 0.99813800 1.92584500 0.50057000 1.917283 0.03870800 12075
SB7_76 0.20626400 0.75387100 0.50193500 1.25845600 0.71200400 0.295214 0.08248400 12076
SB7_77 0.46501700 0.84048900 3.89926300 0.84743100 1.18246300 1.157819 0.04141100 12077
SB7_78 0.34545100 0.68613400 0.47870100 0.37688800 1.70552500 0.701867 0.05452000 12078
SB7_79 0.17583600 0.91984700 1.06737900 2.00898300 0.69622900 2.754617 0.01407100 12079
SB7_80 0.19771100 0.73061000 0.72970600 0.55740600 1.10981800 1.409935 0.05161000 12080
SB7_81 0.32982600 0.86252800 2.80101900 1.67314700 0.75676700 0.343741 0.01198000 12081
SB7_82 0.46189200 0.61062600 0.32873700 3.78243600 0.65169200 2.370491 0.08395000 12082
SB7_83 0.21563800 0.99589000 1.48846400 0.35106800 1.82752600 0.578328 0.04494400 12083
SB7_84 0.27467800 0.82550100 1.34245700 0.45298800 1.28403900 3.922079 0.07624700 12084
SB7_85 0.40364400 0.76836900 0.38061600 2.46833500 0.92507700 0.967451 0.03517200 12085
SB7_86 0.38574100 0.90786200 2.84588700 1.06990100 0.53932600 1.648422 0.06827300 12086
SB7_87 0.14258800 0.69782400 0.68773000 0.73598800 1.56159100 0.406879 0.02782200 12087
SB7_88 0.11610500 0.92604700 0.42406100 1.74540800 1.84778700 3.033763 0.08545600 12088
SB7_89 0.36221200 0.66753000 1.15374600 0.64064100 0.64432800 0.743629 0.04563100 12089
SB7_90 0.43023700 0.80928700 0.56580200 0.26021400 0.78244100 1.803370 0.05779500 12090
SB7_91 0.29807300 0.79747300 3.61198900 3.02621000 1.07303700 0.442327 0.01859400 12091
SB7_92 0.24226800 0.63036200 2.20743100 2.36623000 1.51297000 1.089767 0.06240100 12092
SB7_93 0.48527500 0.96404400 0.88659200 0.39415700 0.55646900 0.264461 0.02152100 12093
SB7_94 0.30328200 0.70969600 1.73240300 0.99298300 0.91528300 2.590902 0.07442900 12094
SB7_95 0.17426700 0.89633300 0.29492900 1.33732500 1.29734100 0.629192 0.03417300 12095
SB7_96 0.16645600 0.97658900 0.66657300 0.49219900 1.06145200 2.213998 0.06345300 12096
SB7_97 0.31107400 0.61655200 3.06606200 2.67972000 0.79103200 0.567761 0.02265400 12097
SB7_98 0.48064300 0.85682700 0.35808400 1.16783600 0.62371300 1.316938 0.07079100 12098
SB7_99 0.24689200 0.74969400 1.36638300 0.80403500 1.90898200 0.337496 0.03061700 12099
SB7_100 0.29343100 0.67930600 1.46649800 0.51318600 1.34027800 1.558320 0.08932400 12100
SB7_101 0.43490000 0.91456900 0.34839100 1.54067200 0.88590400 0.394721 0.04957900 12101
SB7_102 0.35448800 0.76188600 2.62128600 3.46415300 0.56256700 3.707473 0.05635100 12102
SB7_103 0.12383700 0.84380500 0.74658100 0.32147100 1.49647600 0.938440 0.01723100 12103
SB7_104 0.14735400 0.77847300 0.27449100 2.17887900 1.76935200 1.693371 0.07980200 12104
SB7_105 0.38095800 0.81510900 1.78254700 0.36288800 0.67316100 0.431933 0.03880800 12105
SB7_106 0.41149200 0.66154100 0.86871500 0.90926800 0.74872200 2.849013 0.06714200 12106
SB7_107 0.26682500 0.94522400 2.35270400 1.22479300 1.12181400 0.726199 0.02677200 12107
SB7_108 0.22352200 0.87811200 3.41748000 1.89488300 1.57843600 2.409741 0.05297400 12108
SB7_109 0.45402500 0.71629900 0.57272700 0.69609400 0.53353600 0.620394 0.01342500 12109
SB7_110 0.33452900 0.95727500 1.12461200 0.28427300 0.95553300 1.013461 0.08000000 12110
SB7_111 0.19301200 0.64875700 0.45436400 3.30321900 1.24303400 0.260747 0.04107600 12111
SB7_112 0.18363700 0.80010200 2.47820200 0.74000900 0.51706000 0.510005 0.08353700 12112
SB7_113 0.33765500 0.79298900 0.82473300 1.01896900 1.62388200 2.066973 0.04254000 12113
SB7_114 0.46965100 0.93326900 1.54921900 2.50864500 1.22770600 0.303362 0.05088600 12114
SB7_115 0.20164700 0.67320100 0.31583500 0.42681500 0.96981900 1.228679 0.01051400 12115
SB7_116 0.25745100 0.70599300 0.39449200 0.32718600 0.68875400 0.354560 0.06923300 12116
SB7_117 0.41461800 0.88792900 1.29527900 3.88642900 1.72392600 1.454873 0.02968100 12117
SB7_118 0.39658300 0.63525200 0.60592000 1.54267200 1.14470400 0.843547 0.07626900 12118
SB7_119 0.12547900 0.97048500 3.23023800 0.57892200 0.73544400 3.458930 0.03734100 12119
SB7_120 0.10196200 0.60495800 1.02080900 1.37408500 0.86131200 0.458903 0.05969200 12120
SB7_121 0.37011200 0.98867000 0.47930000 0.92545000 1.38283900 1.890290 0.01889000 12121
SB7_122 0.43802400 0.73509700 3.75954200 0.40936500 1.47477200 0.772082 0.08704000 12122
SB7_123 0.28405600 0.87171500 0.54361300 2.18172000 0.56953100 3.178105 0.04686300 12123
SB7_124 0.22501700 0.90142400 0.91888300 2.88213200 0.81168900 0.659146 0.07307800 12124
SB7_125 0.49626800 0.69293700 2.12978700 0.26164000 1.03752800 2.689912 0.03333100 12125
SB7_126 0.31419900 0.83390700 0.25983700 0.60361500 1.94299400 0.277216 0.06011500 12126
SB7_127 0.15708000 0.77207500 1.96631000 1.77392300 0.61130600 1.130549 0.02099200 12127
SB7_128 0.15908500 0.90676300 0.31745300 0.52247700 1.26248900 0.799286 0.08135500 12128
SB7_129 0.31297700 0.69965600 1.60942800 1.43739400 0.94088800 3.136894 0.04223200 12129
SB7_130 0.49495200 0.82664800 0.82004300 3.54362000 0.52456000 0.475435 0.05431800 12130
SB7_131 0.22711600 0.76658600 2.38650000 0.30175400 1.60558300 1.864675 0.01457100 12131
SB7_132 0.28215300 0.61182300 3.35798400 0.46295400 1.12719300 0.280953 0.06580000 12132
SB7_133 0.43914500 0.99376500 0.60862300 2.75046200 0.74508600 1.091701 0.02562300 12133
SB7_134 0.37113800 0.72936400 1.24822000 1.09325400 0.66909800 0.668427 0.07845200 12134
SB7_135 0.10015300 0.86460300 0.39197600 0.82024800 1.77994500 2.595505 0.03765000 12135
SB7_136 0.12669700 0.71157600 0.52292200 1.94492700 1.48757900 0.305675 0.05500900 12136
SB7_137 0.39458200 0.89528200 3.74290900 0.65472700 0.56597900 1.193154 0.01608200 12137
SB7_138 0.41251500 0.62843300 0.49738000 0.29000900 0.89022300 0.514284 0.08797300 12138
SB7_139 0.25877000 0.96504600 1.02734200 3.09223100 1.33388900 2.006022 0.04842100 12139
SB7_140 0.20052300 0.80730900 1.95625400 2.03284300 1.87671500 0.868958 0.07214600 12140
SB7_141 0.47155700 0.79881600 0.25012100 0.36945400 0.63438300 3.431601 0.03177300 12141
SB7_142 0.33946000 0.92807400 2.14200400 0.85351000 0.80334100 0.365455 0.06479600 12142
SB7_143 0.18261300 0.66623600 0.95417300 1.25287500 1.04510000 1.442276 0.02379900 12143
SB7_144 0.19198900 0.88320700 1.40336300 0.34856600 0.61501700 2.950521 0.06126000 12144
SB7_145 0.33633500 0.72316400 0.36411400 3.79926500 1.93143400 0.716510 0.02233500 12145
SB7_146 0.45593200 0.95016300 2.98299800 1.65351800 1.03257800 1.755039 0.07423400 12146
SB7_147 0.22239800 0.64302500 0.65614400 0.56862600 0.81564900 0.425917 0.03468500 12147
SB7_148 0.26814500 0.78519100 0.75968400 0.72538300 0.57927700 1.026817 0.08588300 12148
SB7_149 0.40939100 0.82044800 2.69035800 1.08848000 1.44983800 0.251861 0.04551200 12149
SB7_150 0.37895700 0.65605300 0.34316500 2.44412900 1.36153100 2.442947 0.05854300 12150
SB7_151 0.14857200 0.93796500 1.42582700 0.45377600 0.87471800 0.598797 0.01754800 12151
SB7_152 0.12202800 0.68513300 2.31217200 3.07877600 0.72417700 1.327369 0.07511100 12152
SB7_153 0.35551300 0.92177500 0.84639700 0.25646600 1.16261200 0.327641 0.03599100 12153
SB7_154 0.43602000 0.75492000 1.80965600 0.64175100 1.75356300 2.233234 0.06808400 12154
SB7_155 0.29152700 0.83860900 0.28232500 1.72828300 0.67717100 0.550855 0.02833900 12155
SB7_156 0.24899100 0.98394300 0.44239800 1.34328300 0.96511600 3.817698 0.05203200 12156
SB7_157 0.47932700 0.62213600 1.10596400 0.98591100 1.23358500 0.931379 0.01185700 12157
SB7_158 0.30985200 0.85138700 0.58866500 0.40208900 1.63359300 1.605601 0.08469300 12158
SB7_159 0.16846000 0.74287500 3.47186900 2.33845800 0.51394300 0.391453 0.04389400 12159
SB7_160 0.17323900 0.63723000 1.52784400 0.78977200 0.69956700 1.779911 0.05316900 12160
SB7_161 0.30508900 0.96914200 0.33441500 1.18570600 1.69724500 0.457932 0.01291300 12161
SB7_162 0.48717700 0.70396600 2.72351900 2.67689600 1.17532800 2.992523 0.08114100 12162
SB7_163 0.24114500 0.88922300 0.71859100 0.49673900 0.71626600 0.770449 0.04026200 12163
SB7_164 0.29939100 0.93138900 0.69914800 0.32026200 0.50840400 2.501769 0.07905400 12164
SB7_165 0.42814000 0.67425100 2.92310000 3.48664000 1.65156600 0.637701 0.03985400 12165
SB7_166 0.36020900 0.80203100 0.37455800 1.50925800 1.19414300 1.051474 0.06671600 12166
SB7_167 0.11732700 0.79198800 1.30622200 0.51963200 0.99709800 0.268197 0.02689100 12167
SB7_168 0.14078400 0.83271000 3.55306500 1.23274900 0.82443100 2.302051 0.08951300 12168
SB7_169 0.38676600 0.77419900 0.55084500 0.90585400 1.02147100 0.582711 0.04906300 12169
SB7_170 0.40477000 0.90266900 1.17238500 0.36744400 1.99497600 1.368418 0.05748700 12170
SB7_171 0.27277400 0.69086200 0.43583300 2.13444100 0.59536500 0.346610 0.01641200 12171
SB7_172 0.21773900 0.73619600 0.28733300 3.35378100 0.84689300 1.635468 0.06271000 12172
SB7_173 0.46057200 0.86988400 1.70295800 0.27923200 1.40641300 0.419118 0.02370400 12173
SB7_174 0.32860600 0.60381000 0.91180200 0.70251200 1.43445500 3.888295 0.07037000 12174
SB7_175 0.19971000 0.99045300 2.24161100 1.89287500 0.58555100 0.997142 0.03074000 12175
SB7_176 0.17783500 0.76059200 0.41320200 0.42291300 1.31954200 0.486866 0.07327900 12176
SB7_177 0.34423100 0.84583100 1.23657900 2.51129300 0.89980700 1.985509 0.03283100 12177
SB7_178 0.46369600 0.68064800 0.63295100 1.00361200 0.54789400 0.818556 0.06124300 12178
SB7_179 0.20836400 0.91259200 3.09213700 0.75337300 1.53652000 3.340520 0.02017100 12179
SB7_180 0.25089800 0.85782700 2.58531900 0.57174000 1.07955200 0.677978 0.05895100 12180
SB7_181 0.42039400 0.74776600 0.79059200 1.57478200 0.77778500 2.790804 0.01994800 12181
SB7_182 0.38989100 0.97554000 1.61185000 3.86136500 0.64125300 0.284949 0.08660200 12182
SB7_183 0.13140800 0.61843200 0.30357700 0.32842200 1.85680400 1.173725 0.04697400 12183
SB7_184 0.10795300 0.95935000 0.96055500 2.22714300 1.55401500 0.523776 0.06943000 12184
SB7_185 0.36333400 0.64751300 2.03748900 0.40428900 0.54190900 2.147775 0.02917700 12185
SB7_186 0.44376500 0.87598900 0.27236000 0.92893900 0.93061100 0.311351 0.07739300 12186
SB7_187 0.27751600 0.71749500 1.87596500 1.36521600 1.27629600 1.277546 0.03651500 12187
SB7_188 0.23177100 0.65975900 1.06272700 1.77580500 1.79952600 0.376737 0.08280100 12188
SB7_189 0.49030200 0.94637100 0.46037300 0.59810100 0.66188800 1.525828 0.04360300 12189
SB7_190 0.32071400 0.78030300 3.92462500 0.26636400 0.76977800 0.895686 0.05045200 12190
SB7_191 0.15136500 0.81401000 0.52072800 2.83868000 1.09115100 3.630168 0.01063000 12191
SB7_192 0.15563400 0.79580400 2.08039100 1.14837700 1.89655400 2.397087 0.06737200 12192
SB7_193 0.32190700 0.81056600 0.98246300 0.78191700 0.62604900 0.610253 0.02653100 12193
SB7_194 0.49150100 0.66256500 1.83430900 0.47931100 0.79605600 1.007542 0.07939900 12194
SB7_195 0.23604600 0.93062100 0.26675800 2.63861900 1.05752300 0.256680 0.03918300 12195
SB7_196 0.27944700 0.89778800 0.47087100 3.37002300 1.50227100 1.703544 0.08040700 12196
SB7_197 0.44887000 0.70784900 1.08514600 0.31600500 0.55892900 0.438792 0.04069900 12197
SB7_198 0.36843400 0.96845400 0.51002900 0.50514800 0.88273900 2.863944 0.05274500 12198
SB7_199 0.10987800 0.62556200 3.83740900 1.50082600 1.34884600 0.738168 0.01366300 12199
SB7_200 0.13650800 0.99753500 1.20940800 0.89381900 1.11696600 1.566953 0.07117900 12200
SB7_201 0.39181700 0.60937200 0.40454200 1.19149900 0.75394600 0.401108 0.03022000 12201
SB7_202 0.42232600 0.86751700 3.15816600 2.12255000 0.67617500 3.725799 0.06320400 12202
SB7_203 0.25600400 0.72601100 0.64711000 0.35720100 1.75655300 0.954353 0.02287100 12203
SB7_204 0.20956300 0.69634400 0.77400000 0.27645600 1.25186900 2.203212 0.05660100 12204
SB7_205 0.46797200 0.90973200 2.52854700 3.24814500 0.95144300 0.558362 0.01701000 12205
SB7_206 0.34850100 0.76398400 0.31037000 1.86583900 0.52974300 1.309523 0.08894000 12206
SB7_207 0.17902900 0.83027700 1.64621000 0.67786100 1.58557300 0.332106 0.04997400 12207
SB7_208 0.19465300 0.61916600 0.56260300 2.55118100 0.97328800 0.648814 0.08743500 12208
SB7_209 0.32662500 0.98725400 3.63251000 0.43888300 1.21991900 2.673961 0.04647900 12209
SB7_210 0.45859700 0.73924700 0.42625100 0.75991300 1.61759900 0.272710 0.05947000 12210
SB7_211 0.21268800 0.85398900 1.14779900 1.03483100 0.52043200 1.124703 0.01914000 12211
SB7_212 0.27162900 0.92422600 1.74108100 1.58577800 0.73081100 0.466509 0.06033300 12212
SB7_213 0.40045100 0.68136400 0.29346100 0.58892900 1.14894300 1.900348 0.02074400 12213
SB7_214 0.38244100 0.84196300 2.19459500 0.33239600 1.73523800 0.784282 0.07268100 12214
SB7_215 0.13963300 0.75200600 0.89179100 3.98956800 0.68617700 3.196908 0.03371800 12215
SB7_216 0.11300300 0.82417400 0.32699200 0.41644500 0.57360200 0.360543 0.05112400 12216
SB7_217 0.35905900 0.78268500 1.49643000 2.24265900 1.46815100 1.461932 0.01028500 12217
SB7_218 0.42699600 0.94083600 0.73373100 1.41056600 1.37306800 0.857274 0.08316000 12218
SB7_219 0.29507300 0.65264400 2.78566700 0.94017500 0.86502300 3.478363 0.04294700 12219
SB7_220 0.23917100 0.71990700 2.86301600 0.62068900 0.60858600 0.501904 0.07664400 12220
SB7_221 0.48212600 0.88621900 0.68360500 1.80398200 1.95713300 2.055501 0.03693800 12221
SB7_222 0.30003300 0.64047700 1.33599300 2.92702700 1.04204300 0.298317 0.06899200 12222
SB7_223 0.17125900 0.95383400 0.38245600 0.26867500 0.80605500 1.222584 0.02991100 12223
SB7_224 0.16340900 0.87318900 0.86453900 1.46068200 0.85580000 0.293565 0.07808800 12224
SB7_225 0.30787800 0.73323200 2.36408200 0.54201400 1.38801100 1.139279 0.03830100 12225
SB7_226 0.47734600 0.99305000 0.27614700 0.30426400 1.42137200 0.698476 0.06512400 12226
SB7_227 0.24393400 0.60018800 1.77188600 3.65501100 0.59254300 2.708901 0.02596300 12227
SB7_228 0.29037700 0.77042400 1.13081300 2.77053700 0.83254800 0.834221 0.05476100 12228
SB7_229 0.43169600 0.83516800 0.45187000 0.47670200 1.00877700 3.277794 0.01384100 12229
SB7_230 0.35119500 0.68794100 3.39927900 0.82987500 1.97814000 0.496182 0.08210800 12230
SB7_231 0.12088400 0.90602900 0.57578400 1.12991300 0.60206000 1.948227 0.04181400 12231
SB7_232 0.14425400 0.67175200 0.35599700 0.67417400 0.50376400 0.907896 0.06428200 12232
SB7_233 0.37781300 0.93510900 1.37437100 1.95909200 1.67129400 3.581344 0.02461300 12233
SB7_234 0.40824000 0.78858600 0.66990600 3.19596800 1.20670900 0.381873 0.07131700 12234
SB7_235 0.26382000 0.80489700 3.05078900 0.29341100 0.98404700 1.505306 0.03227300 12235
SB7_236 0.22041700 0.97216100 2.63487500 0.38327100 0.69366000 0.319032 0.08856600 12236
SB7_237 0.45087500 0.63396800 0.74274300 2.06574500 1.71633900 1.246787 0.04752900 12237
SB7_238 0.33128400 0.89290000 1.45821000 1.29227800 1.18690600 0.536698 0.05591500 12238
SB7_239 0.19001400 0.70141200 0.35037300 0.86060500 0.70736100 2.096061 0.01550400 12239
SB7_240 0.18688900 0.94963300 3.82146500 3.67850400 1.81485900 1.071596 0.05804300 12240
SB7_241 0.34066000 0.65674100 0.53481300 0.34522200 0.65452100 0.263161 0.01837600 12241
SB7_242 0.47275100 0.81656400 1.00444900 0.54887400 0.76228200 2.549642 0.08506900 12242
SB7_243 0.20479200 0.77662700 0.48711000 1.62935600 1.10486900 0.625725 0.04602700 12243
SB7_244 0.26069500 0.64379200 0.25579900 1.05174400 1.56830200 3.083002 0.07481200 12244
SB7_245 0.41761500 0.96185000 1.99731800 0.71599700 0.53552000 0.747838 0.03377800 12245
SB7_246 0.39968800 0.71463000 0.93448500 0.44128700 0.92091500 1.833725 0.06215200 12246
SB7_247 0.12862900 0.87939100 2.09421800 2.42970000 1.29323100 0.444493 0.02174300 12247
SB7_248 0.10525800 0.74530900 1.57418600 0.25314900 1.06903400 3.984220 0.08435300 12248
SB7_249 0.37307000 0.86160200 0.31082400 2.97482100 0.78756800 0.973133 0.04456900 12249
SB7_250 0.44107100 0.61507300 2.43763200 1.71810700 0.64672100 1.675816 0.05138000 12250
SB7_251 0.28725200 0.97846000 0.83844600 0.62408500 1.83612800 0.409027 0.01222100 12251
SB7_252 0.22830900 0.84879400 0.59590400 0.97645800 1.30578700 1.387072 0.06850200 12252
SB7_253 0.49922100 0.75728700 3.28454500 1.30056500 0.91175100 0.341949 0.02758500 12253
SB7_254 0.31725300 0.91621300 0.40078700 2.30432300 0.55293400 2.333433 0.07584000 12254
SB7_255 0.16028400 0.67805200 1.27495400 0.38812000 1.51839800 0.574875 0.03554900 12255
SB7_256 0.15955100 0.73382600 0.58157900 0.81519000 0.78569200 3.126842 0.07563700 12256
SB7_257 0.31798500 0.87220200 3.36504300 1.09852000 1.07149500 0.801847 0.03546000 12257
SB7_258 0.49848800 0.60153800 0.45027800 2.76749000 1.84045400 1.859918 0.06861000 12258
SB7_259 0.22904100 0.99286800 1.13467200 0.46072100 0.64514600 0.476645 0.02780800 12259
SB7_260 0.28652000 0.83498000 1.75883600 0.30310800 0.90903000 1.100414 0.05150800 12260
SB7_261 0.44180400 0.77178000 0.27817900 3.52292800 1.30980600 0.278731 0.01238600 12261
SB7_262 0.37233900 0.90503600 2.36583100 1.43095600 1.52311900 2.618040 0.08417000 12262
SB7_263 0.10599200 0.68854100 0.86386000 0.52553000 0.55126700 0.662679 0.04442200 12263
SB7_264 0.12946000 0.93531900 0.35298300 1.24557900 0.65252000 1.195777 0.06198600 12264
SB7_265 0.39885800 0.67036800 1.44760400 0.85733400 1.82027200 0.305008 0.02161400 12265
SB7_266 0.41844600 0.80586300 0.74222000 0.37161500 1.10822200 2.011833 0.07496100 12266
SB7_267 0.25986600 0.78800700 2.63702700 2.02370500 0.75991100 0.512804 0.03396300 12267
SB7_268 0.20562100 0.63339500 3.02029500 3.10717400 0.53428500 3.403283 0.08515800 12268
SB7_269 0.47192000 0.97312100 0.67670300 0.28821900 1.57206300 0.876178 0.04623200 12269
SB7_270 0.34148900 0.70003400 1.37918900 0.65157300 1.29637400 1.431313 0.05781900 12270
SB7_271 0.18605800 0.89310300 0.35477400 1.95693800 0.91876000 0.368251 0.01826700 12271
SB7_272 0.18918400 0.65734000 2.10448300 0.45659400 1.66609800 0.722235 0.05572800 12272
SB7_273 0.33211400 0.94864000 0.93004900 2.43237500 0.50529300 2.927100 0.01535800 12273
SB7_274 0.45004500 0.77798300 1.98012700 1.08179900 0.98698200 0.429602 0.08869200 12274
SB7_275 0.22124700 0.81637700 0.25805700 0.72889500 1.20302000 1.739967 0.04769700 12275
SB7_276 0.26299100 0.96166800 0.48609100 0.56609000 1.71232200 0.251052 0.07142400 12276
SB7_277 0.40907100 0.64514200 1.00659400 1.66320300 0.69534600 1.030142 0.03250000 12277
SB7_278 0.37698400 0.87840400 0.53804200 3.81641900 0.70905800 0.597288 0.06407500 12278
SB7_279 0.14508500 0.71522400 3.79862800 0.34653900 1.18416600 2.449144 0.02452500 12279
SB7_280 0.12161600 0.86180600 1.27756500 2.35219300 1.38463100 0.324933 0.08188300 12280
SB7_281 0.35046300 0.74393100 0.39991100 0.40029300 0.85781700 1.338443 0.04170900 12281
SB7_282 0.43242900 0.97942000 3.26465000 0.98018300 0.59390700 0.546684 0.05484700 12282
SB7_283 0.28964500 0.61450000 0.59945600 1.34932600 1.41798700 2.250294 0.01404700 12283
SB7_284 0.24466600 0.75670900 0.83440200 1.71999800 1.00573600 0.933436 0.06526900 12284
SB7_285 0.47661300 0.84976000 2.44938000 0.64573300 0.83513600 3.809246 0.02614900 12285
SB7_286 0.30860900 0.67666800 0.31353900 0.25770900 0.60391200 0.392574 0.07792100 12286
SB7_287 0.16267600 0.91642300 1.56050100 3.05983300 1.97223800 1.600997 0.03817600 12287
SB7_288 0.17042900 0.80958200 3.86567700 0.51704000 1.46470000 0.454466 0.06890600 12288
SB7_289 0.30086300 0.79640000 0.50627600 1.51883900 0.57500200 1.793508 0.02970600 12289
SB7_290 0.48129700 0.93044300 1.08428600 3.50407200 0.86708800 0.764082 0.07686900 12290
SB7_291 0.24000200 0.66391800 0.47121600 0.31823200 1.36991300 3.017489 0.03704400 12291
SB7_292 0.29424200 0.70920900 0.26407000 0.49972800 1.95106800 0.639528 0.08332700 12292
SB7_293 0.42782400 0.89760400 1.85275500 2.66441900 0.61042700 2.494596 0.04307200 12293
SB7_294 0.35822800 0.62616500 0.98582100 1.17859900 0.80846700 0.268788 0.05097900 12294
SB7_295 0.11383200 0.96746400 2.07307600 0.79344700 1.03884700 1.049147 0.01009900 12295
SB7_296 0.14036500 0.60799100 1.66291800 1.88408300 1.21622900 0.587752 0.07255500 12296
SB7_297 0.38170800 0.99774700 0.30726900 0.70673600 0.97632400 2.282281 0.03355000 12297
SB7_298 0.40118300 0.72543500 2.51984900 0.28053300 0.52202800 0.349380 0.06052000 12298
SB7_299 0.27089600 0.86848600 0.77671000 3.33362500 1.61279000 1.357556 0.02089000 12299
SB7_300 0.21342100 0.91069600 0.64240100 2.14802400 1.14615700 0.418062 0.05967700 12300
SB7_301 0.45786600 0.69577500 3.18167500 0.36561000 0.73252500 1.639616 0.01922700 12301
SB7_302 0.32735900 0.83048300 0.40487400 0.90011800 0.68776500 0.993935 0.08732800 12302
SB7_303 0.19392200 0.76260900 1.20856200 1.23889400 1.73108700 3.900878 0.04625300 12303
SB7_304 0.17829700 0.98626400 0.89368900 0.33007000 0.75170500 1.991262 0.08879200 12304
SB7_305 0.34923300 0.61976900 2.18998800 3.83694600 1.12039200 0.485465 0.04978900 12305
SB7_306 0.46724000 0.85380500 0.29170900 1.56697200 1.76203300 3.347861 0.05676600 12306
SB7_307 0.21029600 0.74060600 1.75160300 0.57538300 0.67412900 0.816771 0.01713800 12307
SB7_308 0.25527000 0.68271700 1.14235700 0.74887100 0.94916600 2.769588 0.06342800 12308
SB7_309 0.42305800 0.92404800 0.42834300 1.00829600 1.25476400 0.683165 0.02298100 12309
SB7_310 0.39108300 0.75260300 3.66455200 2.52647700 1.58929200 1.164038 0.07108900 12310
SB7_311 0.13723900 0.84097800 0.55775700 0.42095200 0.52845900 0.287317 0.03001600 12311
SB7_312 0.11070800 0.78131000 0.38429700 2.85197300 0.62461100 2.142295 0.05263700 12312
SB7_313 0.36760300 0.82438000 1.32954300 0.26477100 1.90108200 0.525112 0.01344000 12313
SB7_314 0.44970000 0.65207500 0.67766500 0.59533100 1.06010400 1.273451 0.08061100 12314
SB7_315 0.27861700 0.94179900 2.88803300 1.78651300 0.79418500 0.312349 0.04078700 12315
SB7_316 0.23687700 0.88718900 2.77959100 1.35660400 0.55721400 1.539078 0.07958300 12316
SB7_317 0.49067200 0.71933200 0.73523600 0.93359600 1.50676700 0.373498 0.03933000 12317
SB7_318 0.32273800 0.95404600 1.50534200 0.40686700 1.35292400 3.659137 0.06724500 12318
SB7_319 0.15480500 0.63909600 0.32501000 2.21606300 0.88000300 0.888604 0.02636700 12319
SB7_320 0.15053500 0.96974200 1.30177900 1.50785400 0.54027500 0.612021 0.05056000 12320
SB7_321 0.32154500 0.63623700 0.37588200 0.50212700 1.55884600 2.390190 0.01085300 12321
SB7_322 0.48947200 0.89058000 2.95284200 0.31454200 1.28022400 0.257244 0.08259800 12322
SB7_323 0.23260100 0.70377800 0.69218300 3.39034500 0.92783400 1.005345 0.04351400 12323
SB7_324 0.27668500 0.67407000 0.71915800 2.62197400 0.66027600 0.435456 0.07720900 12324
SB7_325 0.44459400 0.93273900 2.72150800 0.48171400 1.80376600 1.716574 0.03636800 12325
SB7_326 0.36250300 0.79100100 0.33197100 0.78690400 1.09366400 0.732077 0.06955700 12326
SB7_327 0.10878100 0.80262500 1.53917900 1.14266400 0.76794400 2.887746 0.02934100 12327
SB7_328 0.13214000 0.77440300 2.23978400 0.68126300 0.89770100 0.400084 0.08675000 12328
SB7_329 0.38915800 0.83133300 0.91244600 1.85403900 1.32274900 1.570944 0.04715900 12329
SB7_330 0.42112600 0.69182100 1.71543200 3.23203600 1.54020500 0.951294 0.05878600 12330
SB7_331 0.25016500 0.90209700 0.28520800 0.27821800 0.54662900 3.737738 0.01981900 12331
SB7_332 0.20909700 0.86930500 0.43733500 0.35506600 0.77536700 0.563210 0.06101900 12332
SB7_333 0.46296500 0.73716200 1.16828900 2.13245500 1.08282800 2.184265 0.02006200 12333
SB7_334 0.34496400 0.98906900 0.54531400 1.19870300 1.86234100 0.334756 0.07336900 12334
SB7_335 0.17710400 0.60402000 3.58894200 0.88967400 0.63929200 1.299171 0.03303600 12335
SB7_336 0.19897800 0.84642400 0.30092100 3.97103800 1.01911300 2.653719 0.07049600 12336
SB7_337 0.32933900 0.75960500 1.62584600 0.33439400 0.82640900 0.653769 0.03090800 12337
SB7_338 0.45984000 0.91394200 0.79436200 0.59167200 0.59681200 1.115408 0.06252200 12338
SB7_339 0.21847200 0.68046700 2.57270500 1.57624800 1.99030600 0.274984 0.02355800 12339
SB7_340 0.27204000 0.74757800 3.11072100 1.04141600 1.40211300 1.905794 0.05728000 12340
SB7_341 0.40550100 0.85918400 0.62915200 0.75611900 0.84941800 0.465172 0.01632500 12341
SB7_342 0.38603200 0.61743900 1.23394600 0.43610400 0.58732800 3.203968 0.08962000 12342
SB7_343 0.14151500 0.97614000 0.41406900 2.56389600 1.42999400 0.782545 0.04928900 12343
SB7_344 0.11815700 0.64772200 0.51764200 0.26733500 1.69218100 1.474580 0.06680200 12344
SB7_345 0.35937800 0.95796600 3.94853600 2.94560800 0.70172000 0.357446 0.02709700 12345
SB7_346 0.42896900 0.71846100 0.46138200 1.81300100 0.71849200 3.506159 0.07882900 12346
SB7_347 0.29856000 0.87541000 1.06055700 0.61675600 1.17178500 0.850469 0.03974800 12347
SB7_348 0.24197700 0.94579900 1.89242000 0.94583300 1.64763200 2.050323 0.08097500 12348
SB7_349 0.48634800 0.66071900 0.27000300 1.40399200 0.50957500 0.503177 0.04013700 12349
SB7_350 0.30592000 0.81263300 2.02771400 2.22921700 0.99944800 1.218653 0.05331300 12350
SB7_351 0.17241000 0.78050700 0.96520900 0.41838300 1.19123500 0.299282 0.01309900 12351
SB7_352 0.16772700 0.69866500 0.39168800 1.13654900 1.15904500 1.148382 0.08491800 12352
SB7_353 0.31058400 0.90736500 1.24920700 0.82616900 0.72634400 0.291234 0.04399900 12353
SB7_354 0.47859400 0.76640200 0.61313500 0.47393200 0.67921800 2.732340 0.05194600 12354
SB7_355 0.24972300 0.82800800 3.33343400 2.78300200 1.74812900 0.692479 0.01165100 12355
SB7_356 0.29079600 0.99511900 2.39492500 3.63749000 1.23075100 3.267255 0.06793900 12356
SB7_357 0.43675400 0.61164500 0.81725000 0.30615200 0.96742000 0.836921 0.02815300 12357
SB7_358 0.35478200 0.86520000 1.59340100 0.54464000 0.51519800 1.943320 0.07527800 12358
SB7_359 0.12276100 0.72838000 0.32068500 1.45169500 1.62975300 0.497441 0.03611600 12359
SB7_360 0.14940300 0.89390700 0.95084500 0.86594900 1.92681300 3.551751 0.05873000 12360
SB7_361 0.37812800 0.71178200 2.14940200 1.28606400 0.61643900 0.915472 0.01769400 12361
SB7_362 0.41022100 0.96447700 0.25264500 2.05306600 0.81756300 1.493912 0.08575600 12362
SB7_363 0.26731500 0.62939600 1.93659500 0.38512600 1.03007400 0.384791 0.04534400 12363
SB7_364 0.22322700 0.79978600 1.02806000 0.29210200 1.44552800 1.249539 0.07412700 12364
SB7_365 0.45510100 0.80673400 0.49697200 3.21468700 0.58105300 0.318326 0.03445800 12365
SB7_366 0.33716400 0.66644800 3.71525900 1.96793800 0.87744600 2.102068 0.06146700 12366
SB7_367 0.19115800 0.92669300 0.52675600 0.67025400 1.35741200 0.535160 0.02242300 12367
SB7_368 0.18178300 0.72218000 1.41726400 2.41555200 0.56460700 0.262317 0.06496200 12368
SB7_369 0.34029000 0.88380400 0.34522700 0.44326400 1.49106800 1.075029 0.02392800 12369
SB7_370 0.47072700 0.64284600 2.69601500 0.72018500 1.33697500 0.624130 0.07199800 12370
SB7_371 0.20135200 0.95151700 0.75806900 1.04701700 0.88809300 2.556136 0.03158800 12371
SB7_372 0.25794100 0.82180700 0.66184400 1.63723000 0.63246300 0.753806 0.08788300 12372
SB7_373 0.41334700 0.78500700 2.95691300 0.54548600 1.88256900 3.058627 0.04821700 12373
SB7_374 0.39375300 0.93856800 0.36233700 0.34355900 1.04830500 0.448353 0.05523300 12374
SB7_375 0.12752800 0.65506200 1.41005000 3.70122000 0.80095200 1.817956 0.01619100 12375
SB7_376 0.10088600 0.92039400 3.44179200 0.38572600 0.93797200 0.975271 0.07865500 12376
SB7_377 0.37040600 0.68534500 0.59382400 2.31542300 1.26630700 3.975526 0.03773800 12377
SB7_378 0.43987800 0.83803400 1.11133000 1.30861700 1.61038800 0.410212 0.06569200 12378
SB7_379 0.28142000 0.75588900 0.44027900 0.97174900 0.52295000 1.670993 0.02540000 12379
SB7_380 0.22784700 0.62309900 0.28404700 0.62688500 0.74333400 0.339127 0.05419000 12380
SB7_381 0.49421900 0.98337400 1.79894400 1.70807500 1.12994500 1.398600 0.01440700 12381
SB7_382 0.31370900 0.74308100 0.84466300 2.96149700 1.78419400 0.570504 0.08153900 12382
SB7_383 0.15835100 0.85001200 2.31722400 0.25462800 0.66756100 2.351285 0.04237900 12383
SB7_384 0.15625100 0.61634100 0.75431800 3.41208100 1.37853800 0.415723 0.06027900 12384
SB7_385 0.31503000 0.97797000 2.59477600 0.31338700 0.86392600 1.613370 0.02112000 12385
SB7_386 0.49543900 0.74872500 0.34726700 0.50847500 0.57122900 0.989130 0.07293000 12386
SB7_387 0.22584800 0.85740200 1.47144000 1.47697600 1.47026400 3.836161 0.03314700 12387
SB7_388 0.28322500 0.91513700 1.35614800 1.16025200 1.03510100 0.590680 0.08695200 12388
SB7_389 0.43885400 0.67834300 0.36079500 0.77288400 0.81366100 2.320894 0.04666000 12389
SB7_390 0.36928200 0.84518000 3.06794100 0.48611400 0.61277200 0.351328 0.05991500 12390
SB7_391 0.10279200 0.76168000 0.66619000 2.61941700 1.93850800 1.379474 0.01899800 12391
SB7_392 0.12621000 0.81451200 0.45776700 0.27325900 1.61992900 0.642850 0.07647300 12392
SB7_393 0.39585000 0.77945700 1.11610200 3.28176900 0.51827800 2.535833 0.03743100 12393
SB7_394 0.41534900 0.94387000 0.57234800 1.85224100 0.97205300 0.270391 0.06912400 12394
SB7_395 0.25671700 0.66172000 3.41925800 0.68749000 1.22478100 1.065858 0.02945700 12395
SB7_396 0.20238000 0.71648400 2.32869500 0.88640300 1.71872700 0.451790 0.05075700 12396
SB7_397 0.46891900 0.87675200 0.87764100 1.20638200 0.69089600 1.765619 0.01034800 12397
SB7_398 0.33838800 0.64974800 1.78841600 2.08879800 0.73770700 0.760033 0.08372200 12398
SB7_399 0.18290500 0.95667300 0.27358200 0.35955700 1.14128900 2.968309 0.04268800 12399
SB7_400 0.19228100 0.79278300 3.24511000 1.60920100 0.67155700 1.513409 0.08022700 12400
SB7_401 0.33526300 0.80147700 0.60306900 0.58428600 1.77342800 0.371662 0.04118200 12401
SB7_402 0.45329400 0.67223800 1.28375000 0.33562600 1.12445700 3.600848 0.05288700 12402
SB7_403 0.22425500 0.93383800 0.39799100 3.94574000 0.74689900 0.883715 0.01321800 12403
SB7_404 0.26609200 0.88850400 0.31521400 2.56639800 0.53194500 2.177053 0.06699600 12404
SB7_405 0.41222400 0.70502400 1.55219900 0.43215700 1.58329300 0.528087 0.02658500 12405
SB7_406 0.38022500 0.97186600 0.82981800 0.76983500 1.24689900 1.294880 0.07997000 12406
SB7_407 0.14808600 0.63504100 2.46287100 1.02562900 0.95265200 0.313879 0.03893400 12407
SB7_408 0.12466600 0.98806800 1.97025400 0.61117000 0.78861400 2.813453 0.05653700 12408
SB7_409 0.35365600 0.60594900 0.25934600 1.81476200 1.06461600 0.687181 0.01737600 12409
SB7_410 0.43572900 0.87035600 2.11679600 2.90097000 1.91477600 1.183376 0.08919900 12410
SB7_411 0.29260000 0.73528200 0.92463400 0.27218600 0.62177300 0.288835 0.04941300 12411
SB7_412 0.24772300 0.69311600 0.54110600 0.41315800 0.88385900 1.958961 0.07068600 12412
SB7_413 0.47981300 0.90007000 3.77718000 2.27580900 1.34349300 0.482936 0.03039100 12413
SB7_414 0.31190400 0.77305900 0.48358900 1.39505500 1.50011300 3.295507 0.06365900 12414
SB7_415 0.16562600 0.83331100 1.01180600 0.94932300 0.56125000 0.811898 0.02274000 12415
SB7_416 0.17353400 0.94054500 2.50687300 2.81034000 0.64241300 3.385394 0.07455400 12416
SB7_417 0.30401300 0.65372000 0.78072600 0.47315200 1.85345300 0.861862 0.03434000 12417
SB7_418 0.48454200 0.81978100 1.67235600 0.83831400 1.07638500 1.422946 0.06221500 12418
SB7_419 0.24299900 0.78630000 0.30553000 1.11704900 0.78007400 0.362510 0.02137700 12419
SB7_420 0.29734100 0.64096700 0.40724700 1.46905900 0.55513700 1.202953 0.05758900 12420
SB7_421 0.43097000 0.95256600 1.20152800 0.53385100 1.51647100 0.309854 0.01850800 12421
SB7_422 0.36148000 0.72410800 0.63920600 0.30832200 1.30038300 2.022368 0.08556200 12422
SB7_423 0.11683800 0.88280300 3.19762700 3.62166500 0.91306400 0.521258 0.04585600 12423
SB7_424 0.14341900 0.74188500 1.07834900 0.37749500 0.75502700 1.106502 0.06836100 12424
SB7_425 0.38491200 0.85213500 0.47381800 2.07761400 1.11246900 0.283243 0.02802900 12425
SB7_426 0.40447500 0.62434300 3.88634300 1.28047500 1.83198600 2.630972 0.07602100 12426
SB7_427 0.27384900 0.98129900 0.50358600 0.87209100 0.65016000 0.673919 0.03506500 12427
SB7_428 0.21646800 0.83913200 0.99058100 0.66914700 0.92224000 3.111590 0.08378200 12428
SB7_429 0.46106200 0.75405900 2.06308300 1.98725800 1.28788100 0.788578 0.04481800 12429
SB7_430 0.33065600 0.91924700 0.26248700 3.15954900 1.56631300 1.849440 0.05175600 12430
SB7_431 0.19688000 0.68712700 1.86391600 0.29639700 0.53765400 0.469035 0.01216800 12431
SB7_432 0.17500500 0.86390500 0.68904900 1.06529400 1.21172200 0.918801 0.05462900 12432
SB7_433 0.34628000 0.73040700 2.84027300 0.70975200 0.98263300 3.786682 0.01429500 12433
SB7_434 0.46418600 0.99646200 0.37826400 0.44399500 0.50176500 0.386190 0.08227900 12434
SB7_435 0.20709300 0.60966700 1.35074200 2.39205400 1.67341600 1.592727 0.04132100 12435
SB7_436 0.25197400 0.76740300 1.48147000 3.71739200 1.17879800 0.330318 0.07752600 12436
SB7_437 0.42010000 0.82607900 0.33025200 0.34114100 0.71415800 1.345572 0.03856000 12437
SB7_438 0.38803700 0.69761500 2.82584500 0.55651100 0.69831200 0.555320 0.06549000 12438
SB7_439 0.13404300 0.90924600 0.72320600 1.61787700 1.70029400 2.263620 0.02589900 12439
SB7_440 0.10746300 0.66852300 0.29631200 0.96490500 1.42317800 0.255287 0.08831700 12440
SB7_441 0.36460600 0.92544700 1.72440400 1.31432900 0.59019100 1.035145 0.04810100 12441
SB7_442 0.44659600 0.79766100 0.87877600 2.28806500 0.85457000 0.607005 0.05596900 12442
SB7_443 0.27546700 0.80793100 2.22719000 0.39352400 1.39377900 2.462916 0.01512800 12443
SB7_444 0.23362500 0.96269400 3.60518000 0.25093800 1.95965000 0.710760 0.06383800 12444
SB7_445 0.48766700 0.63054400 0.56693900 3.01317900 0.60609700 2.910869 0.02475400 12445
SB7_446 0.31963900 0.89573900 1.16096100 1.69146900 0.84054600 0.422455 0.07180100 12446
SB7_447 0.15165900 0.71068300 0.42147300 0.62792200 1.00188800 1.731345 0.03209300 12447
SB7_448 0.15358500 0.88038200 1.68821600 0.46654500 1.74158800 1.256885 0.08598500 12448
SB7_449 0.32473800 0.71388000 0.28980500 2.71081900 0.68367600 0.323367 0.04510700 12449
SB7_450 0.49277200 0.95964100 2.27702500 1.10556300 0.72903300 2.113174 0.05832300 12450
SB7_451 0.23555600 0.64643700 0.89750800 0.81219800 1.15174500 0.544049 0.01807100 12451
SB7_452 0.27974200 0.77610300 0.55448200 0.53033100 1.64038100 3.533253 0.06187100 12452
SB7_453 0.44779500 0.81742700 3.52962100 1.42956000 0.51320400 0.900622 0.02204700 12453
SB7_454 0.36579800 0.65927000 0.43047300 3.57715500 0.96128500 1.484998 0.07389700 12454
SB7_455 0.11173200 0.94763900 1.18693200 0.29770700 1.23515200 0.378773 0.03469900 12455
SB7_456 0.13523700 0.67547100 2.90504000 2.02174200 1.02292500 3.251198 0.05232900 12456
SB7_457 0.39230600 0.91854700 0.70358400 0.37501100 0.82112000 0.822963 0.01125600 12457
SB7_458 0.42437600 0.75795400 1.32298900 0.84205500 0.62092600 1.932625 0.08466900 12458
SB7_459 0.25317400 0.84768500 0.36985800 1.26474500 1.91824000 0.489517 0.04422100 12459
SB7_460 0.21219900 0.98051900 0.33720600 1.91687400 1.36325900 1.154890 0.07552600 12460
SB7_461 0.46611800 0.61266900 1.51525900 0.65981400 0.87124600 0.295960 0.03589800 12461
SB7_462 0.34820600 0.86065800 0.70714700 0.28715900 0.57844400 2.745732 0.06755200 12462
SB7_463 0.18010500 0.74571400 2.76771600 3.12708000 1.45586100 0.704131 0.02854900 12463
SB7_464 0.19572900 0.90374200 0.46407900 0.73158000 0.89377000 0.344733 0.06608800 12464
SB7_465 0.32633100 0.69056700 1.05437600 1.07490800 1.33219800 1.405863 0.02501200 12465
SB7_466 0.45674300 0.83632200 0.51506400 2.48322600 1.48142500 0.579591 0.07843700 12466
SB7_467 0.21532300 0.76980300 3.96828200 0.45089400 0.56679400 2.365296 0.03798700 12467
SB7_468 0.26879800 0.60253900 2.01728800 0.35282500 0.79798800 0.960106 0.08176000 12468
SB7_469 0.40250000 0.99094000 0.97021300 3.75856600 1.05496300 3.952124 0.04213000 12469
SB7_470 0.38293100 0.73277700 1.90318600 1.66482700 1.88962300 0.403526 0.05379500 12470
SB7_471 0.13836200 0.87408200 0.26847700 0.56096500 0.62834600 1.662140 0.01479100 12471
SB7_472 0.11485700 0.70210900 0.79820300 1.32887900 0.52531500 0.741740 0.07223900 12472
SB7_473 0.35642400 0.89185900 2.56033600 0.99796900 1.59893900 3.041522 0.03135800 12473
SB7_474 0.42592000 0.63127200 0.29912200 0.39666800 1.26088700 0.440915 0.06458600 12474
SB7_475 0.29536700 0.97431700 1.63565400 2.35447600 0.94463700 1.809168 0.02433200 12475
SB7_476 0.23868200 0.80408100 1.22717300 3.04035500 0.66273200 0.266756 0.05561000 12476
SB7_477 0.48339800 0.78915400 0.41635200 0.25866000 1.79218500 1.080384 0.01578400 12477
SB7_478 0.30286300 0.93714900 3.12732700 0.63766800 1.13782900 0.634207 0.08764600 12478
SB7_479 0.16921000 0.66926900 0.62580100 1.75594700 0.74012200 2.570388 0.04844600 12479
SB7_480 0.16448200 0.75150400 0.25399700 0.32291000 0.93447600 0.565946 0.05916100 12480
SB7_481 0.30758600 0.84281000 1.92631700 3.44395400 1.27446300 2.221116 0.01941600 12481
SB7_482 0.47549000 0.68386500 0.94563400 1.53375900 1.54784800 0.336639 0.08650900 12482
SB7_483 0.24657300 0.92226500 2.16125900 0.51618900 0.54259700 1.320307 0.04738900 12483
SB7_484 0.28754300 0.85500200 3.69297100 0.79907100 0.76452000 0.397866 0.07360600 12484
SB7_485 0.43374900 0.73848200 0.52992700 1.17347000 1.10163500 1.545984 0.03280700 12485
SB7_486 0.35168200 0.98501800 1.03302900 2.69629000 1.81159500 0.946579 0.06064300 12486
SB7_487 0.11961600 0.62184400 0.49457900 0.48982900 0.65570000 3.675556 0.02046900 12487
SB7_488 0.14611100 0.95592600 0.61661800 3.31913900 0.54859000 0.432877 0.08281500 12488
SB7_489 0.37517400 0.63804600 3.31458500 0.28252200 1.53042100 1.689659 0.04326600 12489
SB7_490 0.40716700 0.88526000 0.38966900 0.69273200 1.31764400 0.728295 0.05016400 12490
SB7_491 0.26411100 0.72033400 1.25566000 1.90660900 0.90354600 2.840782 0.01124000 12491
SB7_492 0.21993100 0.65009700 1.58546900 1.21764400 0.63525900 0.615280 0.06995200 12492
SB7_493 0.45214300 0.94314300 0.32229100 0.91335400 1.86925600 2.429792 0.02895700 12493
SB7_494 0.33411800 0.78333700 2.40897100 0.36500600 1.08992300 0.258768 0.07698700 12494
SB7_495 0.18796200 0.82308600 0.81249800 2.16911400 0.77247300 1.021223 0.03661800 12495
SB7_496 0.18483700 0.62794700 1.09277900 0.57633200 1.98168600 2.083513 0.07907900 12496
SB7_497 0.34349300 0.96631700 0.44775600 1.55172800 0.60098200 0.505962 0.03952700 12497
SB7_498 0.47401900 0.70737800 3.49611400 3.90392500 0.83010100 1.239323 0.06641800 12498
SB7_499 0.20430600 0.89870200 0.58460700 0.32528800 1.01175100 0.300760 0.02749100 12499
SB7_500 0.26098700 0.92836800 0.85842300 0.42946000 1.44017200 1.450177 0.05370100 12500
SB7_501 0.41654300 0.66516300 2.28006700 2.49661300 0.58480800 0.355703 0.01270300 12501
SB7_502 0.39704900 0.81170500 0.27944400 1.01270200 0.84338800 3.450176 0.08072600 12502
SB7_503 0.13048600 0.79520500 1.82855000 0.74360000 1.40843900 0.845677 0.04035400 12503
SB7_504 0.10399000 0.82948200 2.65367500 1.76540600 1.16414400 1.874651 0.06292900 12504
SB7_505 0.37355700 0.76453700 0.77015200 0.60736500 0.72119200 0.462726 0.02318200 12505
SB7_506 0.44312300 0.91174500 1.44108000 0.26290600 0.70616800 3.154013 0.07026700 12506
SB7_507 0.28441800 0.69389600 0.33951900 2.86442000 1.68593700 0.777972 0.03114500 12507
SB7_508 0.23094700 0.72672900 0.36836800 2.19451600 1.19586100 2.695878 0.08985000 12508
SB7_509 0.49736400 0.86646000 1.38698500 0.40754000 0.99297400 0.657693 0.04904800 12509
SB7_510 0.31696100 0.60664900 0.65134500 0.92006600 0.50775900 1.133801 0.05687700 12510
SB7_511 0.16135600 0.99972400 3.00459100 1.38027800 1.65814600 0.276424 0.01670000 12511
SB7_512 0.16101200 0.64532300 2.71220600 1.96276000 1.01228300 0.473901 0.08980900 12512
SB7_513 0.31651600 0.96026700 0.72156500 0.67565600 0.83163300 1.870529 0.04877200 12513
SB7_514 0.49702600 0.71306000 1.53390800 0.29286600 0.59967000 0.796760 0.05715800 12514
SB7_515 0.23050900 0.88090900 0.33308200 3.18891400 1.97998300 3.147069 0.01674700 12515
SB7_516 0.28486300 0.94807600 0.37714000 2.05843600 1.40919400 0.666999 0.06303900 12516
SB7_517 0.44346700 0.65834400 1.29732100 0.38203900 0.84493600 2.601308 0.02337000 12517
SB7_518 0.37399500 0.81815600 0.69450100 0.86367200 0.58353700 0.280334 0.07007500 12518
SB7_519 0.10432800 0.77508100 2.94275200 1.29642900 1.43891800 1.094028 0.03103100 12519
SB7_520 0.13092200 0.84724900 1.16439500 0.54027500 1.68283400 0.515382 0.05349800 12520
SB7_521 0.39739000 0.75887900 0.43883700 1.45549100 0.70579600 2.001600 0.01257900 12521
SB7_522 0.41698400 0.91781700 3.57695100 3.66680600 0.72181200 0.306360 0.08084600 12522
SB7_523 0.26133400 0.67649400 0.54718400 0.30534700 1.16669300 1.190597 0.04055200 12523
SB7_524 0.20396500 0.74682700 0.91557600 0.47775300 1.65511100 0.366644 0.07935000 12524
SB7_525 0.47358300 0.86003200 2.23230200 2.77568000 0.50748600 1.437711 0.03956300 12525
SB7_526 0.34314600 0.61349000 0.28618800 1.12743700 0.99383700 0.871689 0.06638600 12526
SB7_527 0.18439500 0.97999100 1.70971700 0.82833000 1.19846700 3.420524 0.02722500 12527
SB7_528 0.18752000 0.76887800 0.63045600 2.98543300 0.54360100 1.751086 0.06976400 12528
SB7_529 0.33377100 0.83675900 3.10454200 0.25396400 1.54865400 0.426839 0.02884700 12529
SB7_530 0.45170800 0.68954500 0.41493000 0.62187200 1.27336000 2.944062 0.07710200 12530
SB7_531 0.21959000 0.90447100 1.23149600 1.71258100 0.93244100 0.718134 0.03681100 12531
SB7_532 0.26445900 0.87470700 1.62261700 1.29815500 0.65690700 2.435151 0.08309100 12532
SB7_533 0.40760900 0.73166200 0.30154700 0.97431100 1.81255700 0.600771 0.04330700 12533
SB7_534 0.37551500 0.99146700 2.56759200 0.38884300 1.10067100 1.023476 0.05011800 12534
SB7_535 0.14654600 0.60171900 0.79600700 2.30938300 0.76286200 0.252665 0.01095900 12535
SB7_536 0.11995400 0.97369100 0.27053900 0.34446500 0.90307500 2.240374 0.07357000 12536
SB7_537 0.35212100 0.63238600 1.88849800 3.67162900 1.31521200 0.549059 0.03253600 12537
SB7_538 0.43409300 0.89133000 0.96713500 1.63295900 1.53376400 1.331753 0.06090900 12538
SB7_539 0.28798800 0.70293000 2.02351900 0.54989400 0.54906400 0.326593 0.02050000 12539
SB7_540 0.24613400 0.67019400 3.94036700 0.71830600 0.77206200 1.609255 0.05928600 12540
SB7_541 0.47515200 0.93671300 0.51867500 1.05547900 1.08792300 0.390593 0.01961900 12541
SB7_542 0.30714200 0.79017700 1.05835800 2.42192400 1.87332000 3.825971 0.08631100 12542
SB7_543 0.16413800 0.80335100 0.46229800 0.43971900 0.63581500 0.929277 0.04727000 12543
SB7_544 0.16877300 0.92269600 0.81445600 1.19534700 0.56726600 2.998089 0.05533900 12544
SB7_545 0.30252700 0.68294600 2.40295100 0.89699700 1.48470600 0.768961 0.01574700 12545
SB7_546 0.48295400 0.84353300 0.31958700 0.35605500 1.32969500 1.783336 0.08767800 12546
SB7_547 0.23833900 0.75048800 1.59873100 2.11500000 0.89333300 0.457096 0.04871200 12547
SB7_548 0.29570400 0.62072400 1.25338500 3.24103800 0.62886300 1.055271 0.07244100 12548
SB7_549 0.42635700 0.98565000 0.39034800 0.27594100 1.89382800 0.267252 0.03148300 12549
SB7_550 0.35676600 0.73765500 3.34460200 0.67935700 1.05296900 2.510640 0.06446700 12550
SB7_551 0.11530100 0.85553500 0.61103800 1.86929800 0.79760700 0.635386 0.02413400 12551
SB7_552 0.13870700 0.72145300 0.49531500 0.78046400 0.94254800 1.363458 0.08165000 12552
SB7_553 0.38337100 0.88462800 1.03159500 1.14584600 1.25983800 0.347838 0.04194200 12553
SB7_554 0.40284000 0.63887300 0.52499800 2.64355300 1.59972200 2.293953 0.05398800 12554
SB7_555 0.26923200 0.95539200 3.72799500 0.48036600 0.52630300 0.584812 0.01490500 12555
SB7_556 0.21488300 0.82265600 2.15676900 0.31713100 0.73847800 3.881219 0.06613000 12556
SB7_557 0.45639800 0.78425600 0.94767000 3.38085300 1.13689400 0.999054 0.02528800 12557
SB7_558 0.32589700 0.94241900 1.94325100 1.49551200 1.79304400 1.632315 0.07815600 12558
SB7_559 0.19539000 0.65111400 0.25180300 0.50352600 0.66398600 0.419895 0.03794100 12559
SB7_560 0.17976500 0.89933400 2.96304500 2.24761400 1.15430200 0.821434 0.07540100 12560
SB7_561 0.34777200 0.70625800 0.66052700 0.41722100 0.72963700 3.328574 0.03569500 12561
SB7_562 0.46577300 0.96685000 1.41297700 0.93811100 0.68333800 0.488608 0.06774900 12562
SB7_563 0.21175800 0.62712000 0.36161800 1.40793300 1.73832400 1.978616 0.02866900 12563
SB7_564 0.25360800 0.79428600 0.34454200 1.79820200 1.23790700 0.285483 0.05236600 12564
SB7_565 0.42471500 0.81213600 1.42020600 0.61848700 0.96207100 1.171618 0.01152700 12565
SB7_566 0.39274700 0.66414700 0.75656100 0.26954100 0.51295600 0.679203 0.08440300 12566
SB7_567 0.13558200 0.92909100 2.70160800 2.93742800 1.63729000 2.785504 0.04418900 12567
SB7_568 0.11217500 0.69481400 1.80252100 0.43732800 1.91665400 0.310761 0.06159500 12568
SB7_569 0.36614100 0.91131500 0.28345800 2.54296800 0.61954900 1.279849 0.02200600 12569
SB7_570 0.44823200 0.76555400 2.32184000 1.03852400 0.82266000 0.522840 0.07394400 12570
SB7_571 0.28007800 0.82875800 0.84291700 0.76235800 1.02343100 2.151781 0.03498000 12571
SB7_572 0.23521400 0.99909300 0.59259800 0.59002800 1.45467300 0.892583 0.08617300 12572
SB7_573 0.49232900 0.60776900 3.44864900 1.58925600 0.57715600 3.643136 0.04521700 12573
SB7_574 0.32440100 0.86592600 0.43936500 3.98218700 0.87289000 0.375391 0.05820800 12574
SB7_575 0.15314700 0.72755600 1.11354100 0.33166400 1.36392000 1.531186 0.01787800 12575
SB7_576 0.15199700 0.85628200 0.27725100 0.90264400 1.67705400 1.009709 0.06394800 12576
SB7_577 0.32007700 0.74935700 1.76488300 1.22878100 0.50220400 0.256110 0.02494200 12577
SB7_578 0.48801100 0.97714400 0.86097600 2.14205900 0.98211100 2.402401 0.07160800 12578
SB7_579 0.23407000 0.61687400 2.37394200 0.36862600 1.20949800 0.608962 0.03197800 12579
SB7_580 0.27502800 0.76211100 3.37657900 0.27975300 1.70400800 2.873178 0.08827600 12580
SB7_581 0.44625800 0.84426100 0.57963700 3.36113500 0.69891600 0.735852 0.04782500 12581
SB7_582 0.36416100 0.67906600 1.13857100 1.88937200 0.71378500 1.708926 0.05625000 12582
SB7_583 0.10711900 0.91412200 0.44877600 0.70096600 1.17662200 0.437369 0.01517400 12583
SB7_584 0.13360200 0.66129000 0.67438900 1.18832500 1.39255900 3.713691 0.07779700 12584
SB7_585 0.38769000 0.94478900 3.03041800 0.79124300 0.85271700 0.957374 0.03859600 12585
SB7_586 0.41966400 0.77873300 0.35356000 0.49564800 0.59127700 1.562025 0.06545900 12586
SB7_587 0.25163300 0.81552900 1.38380100 2.67189900 1.42393400 0.402402 0.02563300 12587
SB7_588 0.20744000 0.95779200 1.45244500 3.47547000 1.00102100 1.306748 0.05442600 12588
SB7_589 0.46462800 0.64911600 0.35177500 0.31912500 0.83871400 0.332844 0.01417100 12589
SB7_590 0.34662100 0.87758000 2.64586300 0.52130600 0.60721900 2.198304 0.08239900 12590
SB7_591 0.17544100 0.71595000 0.73968100 1.51462100 1.96067000 0.559567 0.04151900 12591
SB7_592 0.19731600 0.93292000 1.00859500 0.40353700 0.78075200 0.273585 0.08405800 12592
SB7_593 0.33099700 0.67266900 0.48508200 2.22223400 1.07873100 1.121019 0.04486000 12593
SB7_594 0.46150300 0.80046100 3.80619600 1.36776900 1.85006000 0.650939 0.05171000 12594
SB7_595 0.21681500 0.79350600 0.53693000 0.93098400 0.64206700 2.665481 0.01188700 12595
SB7_596 0.27350800 0.63567200 0.92812700 0.60023100 0.91384800 0.786045 0.06817200 12596
SB7_597 0.40403900 0.97074600 2.10867600 1.78151200 1.30323100 3.189975 0.02791900 12597
SB7_598 0.38456500 0.70555800 0.25752100 2.82863000 1.51368000 0.467528 0.07613500 12598
SB7_599 0.14297700 0.88767800 1.98406500 0.26550800 0.55484500 1.896030 0.03525800 12599
SB7_600 0.11649400 0.73465000 2.45446000 2.51940400 0.64874700 0.855320 0.05771300 12600
SB7_601 0.36103500 0.87147600 0.83274100 0.42441700 1.83039200 3.485980 0.01871000 12601
SB7_602 0.43063200 0.60541400 1.56374000 0.75095700 1.11306500 0.359759 0.08536400 12602
SB7_603 0.29690300 0.98889500 0.31291700 1.00004300 0.75641300 1.465226 0.04573600 12603
SB7_604 0.24344400 0.83422900 0.39911800 1.57133500 0.53648000 0.297370 0.07451700 12604
SB7_605 0.48488600 0.77262900 1.28021700 0.57067500 1.56496700 1.226594 0.03406900 12605
SB7_606 0.30445200 0.90108700 0.59826300 0.32914600 1.28855800 0.500256 0.06248100 12606
SB7_607 0.17387200 0.69239200 3.27142500 3.86852300 0.92394200 2.062116 0.02140900 12607
SB7_608 0.16606900 0.78673700 1.84658100 0.65329100 0.74830800 0.695956 0.07088900 12608
SB7_609 0.31224700 0.81885600 0.26497600 1.94129300 1.12500200 2.718456 0.03051600 12609
SB7_610 0.48025100 0.65444900 2.06614800 3.09907000 1.77198100 0.292524 0.06353900 12610
SB7_611 0.24805900 0.93952300 0.98920300 0.29054800 0.67006100 1.143415 0.02254200 12611
SB7_612 0.29225700 0.88168900 0.50801300 0.37064500 0.95443900 0.495267 0.05626600 12612
SB7_613 0.43528500 0.72473400 3.85276100 2.04006000 1.24751700 1.952017 0.01733900 12613
SB7_614 0.35332000 0.95174500 0.47283500 1.24886500 1.58198400 0.832627 0.08923000 12614
SB7_615 0.12422900 0.64149400 1.08067400 0.85047800 0.53076500 3.283826 0.04967900 12615
SB7_616 0.14774600 0.98241200 3.17079900 1.44252100 0.62147200 0.382573 0.06703800 12616
SB7_617 0.37979100 0.62371800 0.64455200 0.52415900 1.91116800 1.502441 0.02686000 12617
SB7_618 0.41187900 0.85295700 1.20442300 0.30068400 1.06699100 0.909658 0.07968900 12618
SB7_619 0.26565200 0.74135700 0.40622900 3.53222000 0.78925900 3.574750 0.03888800 12619
SB7_620 0.22468900 0.68669100 0.30829700 2.74536500 0.56097300 0.538646 0.08011700 12620
SB7_621 0.45363400 0.92017200 1.65722500 0.46193600 1.49730200 2.088641 0.04099500 12621
SB7_622 0.33570300 0.75332900 0.77931100 0.82177800 1.34647600 0.320155 0.05308000 12622
SB7_623 0.19262600 0.84015500 2.51123700 1.09565500 0.88459100 1.242295 0.01333300 12623
SB7_624 0.18325100 0.61029300 0.42919400 0.25564300 1.47096800 2.544851 0.05079400 12624
SB7_625 0.33882800 0.99534800 1.13999000 3.06783400 0.57231000 0.626844 0.01061900 12625
SB7_626 0.46925800 0.73093400 0.55887000 1.73386000 0.86200700 1.069652 0.08345500 12626
SB7_627 0.20281400 0.86308500 3.65697000 0.64403500 1.37740500 0.263659 0.04265600 12627
SB7_628 0.25627700 0.90832100 2.18545700 0.98808400 1.93945800 1.827323 0.07634900 12628
SB7_629 0.41500300 0.69805200 0.89547200 1.34577700 0.61392500 0.446093 0.03722900 12629
SB7_630 0.39541600 0.82505700 1.74797100 2.33333500 0.81186200 3.072038 0.06932200 12630
SB7_631 0.12587100 0.76813200 0.29228800 0.40134100 1.03424000 0.750451 0.02957700 12631
SB7_632 0.10235400 0.80885500 0.73676000 3.80638000 1.22246700 1.681659 0.08714000 12632
SB7_633 0.36894500 0.79722500 2.77406900 0.34933200 0.97158900 0.407575 0.04677000 12633
SB7_634 0.43841100 0.92647000 0.32568600 0.56757100 0.51870500 3.998544 0.05980000 12634
SB7_635 0.28288300 0.66779400 1.50235300 1.64986900 1.62353400 0.969740 0.01880500 12635
SB7_636 0.22618400 0.71005800 1.32690300 1.08462800 1.13914500 2.337838 0.06000300 12636
SB7_637 0.49587600 0.89685200 0.38509600 0.72305200 0.73734700 0.573834 0.02107800 12637
SB7_638 0.31537200 0.63001600 2.88229300 0.45539300 0.69147200 1.389544 0.07297700 12638
SB7_639 0.15669500 0.96351500 0.67906800 2.45197800 1.72253400 0.341308 0.03342800 12639
SB7_640 0.15791400 0.70441000 3.51785400 0.36208700 0.89003700 3.860820 0.05423700 12640
SB7_641 0.31337200 0.88946000 0.55638500 2.17483500 1.33812500 0.982729 0.01468700 12641
SB7_642 0.49377500 0.63677100 1.18296700 1.22748500 1.49028400 1.622775 0.08126300 12642
SB7_643 0.22750500 0.96891500 0.43195000 0.91097100 0.56356700 0.413349 0.04233800 12643
SB7_644 0.28175700 0.80170600 0.29080000 0.69833000 0.80269600 1.371642 0.07854000 12644
SB7_645 0.44031500 0.79143100 1.68257700 1.90163700 1.04921800 0.353364 0.03754600 12645
SB7_646 0.37074900 0.93172400 0.90059000 3.29260300 1.88156000 2.305964 0.06588000 12646
SB7_647 0.10132900 0.67479300 2.26943600 0.28326700 0.63130500 0.594455 0.02551000 12647
SB7_648 0.12787400 0.90301500 1.51008200 2.68925800 0.52250100 1.061110 0.08808100 12648
SB7_649 0.39419300 0.69139200 0.33833600 0.49378700 1.60686900 0.271578 0.04833700 12649
SB7_650 0.41368600 0.83234900 2.75823500 0.80117700 1.26864200 2.523037 0.05510900 12650
SB7_651 0.25837500 0.77367900 0.70951300 1.16408900 0.93846600 0.646164 0.01598800 12651
SB7_652 0.20091200 0.60338800 0.70593800 1.53780400 0.66698100 2.983469 0.06469600 12652
SB7_653 0.47038100 0.99018900 2.89509000 0.51206200 1.78031500 0.756235 0.02389600 12653
SB7_654 0.33985600 0.73662700 0.37109700 0.32206800 1.13201600 1.773289 0.07203400 12654
SB7_655 0.18144300 0.87013300 1.31847000 3.47178700 0.74373400 0.449798 0.03185900 12655
SB7_656 0.19081800 0.68089700 0.97214100 0.92247300 1.74964200 0.878588 0.07432000 12656
SB7_657 0.33673000 0.91302300 2.01311000 1.36921300 0.68070100 3.621554 0.03457300 12657
SB7_658 0.45475600 0.76032800 0.26901200 2.18874300 0.72500200 0.369287 0.06135700 12658
SB7_659 0.22278700 0.84540800 1.89924600 0.41082500 1.15844200 1.523274 0.02223500 12659
SB7_660 0.26774900 0.97501900 1.05219300 0.26221500 1.63118100 0.315910 0.05844900 12660
SB7_661 0.41056100 0.61807100 0.46500400 2.88750500 0.51631700 1.286666 0.01764700 12661
SB7_662 0.37856800 0.85835700 3.96006100 1.77002200 0.96564300 0.531100 0.08579800 12662
SB7_663 0.14974800 0.74811200 0.51608700 0.60249700 1.23009700 2.164524 0.04562000 12663
SB7_664 0.12320400 0.87653000 0.41721500 1.02086300 1.02782900 0.290299 0.06797100 12664
SB7_665 0.35512400 0.71783000 1.22473300 0.74164500 0.81685700 1.177312 0.02841900 12665
SB7_666 0.43719100 0.95879300 0.62710300 0.42601700 0.61676100 0.690254 0.07500700 12666
SB7_667 0.29113200 0.64718700 3.12112200 2.50314200 1.93037600 2.801171 0.03607900 12667
SB7_668 0.24938000 0.78007600 2.55525500 3.87262700 1.35446800 0.808383 0.08479900 12668
SB7_669 0.47815100 0.81355100 0.79986300 0.32613900 0.87667900 3.310118 0.04380200 12669
SB7_670 0.31024700 0.65999500 1.63240000 0.58097800 0.58136200 0.480479 0.05214800 12670
SB7_671 0.16729000 0.94681500 0.29974100 1.54764600 1.44818600 1.968810 0.01177600 12671
SB7_672 0.17206600 0.82708300 0.52815900 0.28481500 1.99405300 0.364593 0.08124100 12672
SB7_673 0.30547500 0.76683800 3.70566200 3.13585800 0.59710300 1.414696 0.04016800 12673
SB7_674 0.48601000 0.90634400 0.49292800 1.93269300 0.82572000 0.867474 0.05327700 12674
SB7_675 0.24153800 0.69939400 1.03657200 0.65798000 1.01686000 3.363776 0.01282900 12675
SB7_676 0.29900500 0.72900600 1.93292300 0.84900200 1.43270100 0.517948 0.06660400 12676
SB7_677 0.42931300 0.86408600 0.25315000 1.26123300 0.58760900 2.035464 0.02697700 12677
SB7_678 0.35981700 0.61217200 2.16868300 2.00524000 0.84872000 0.308068 0.07895400 12678
SB7_679 0.11849500 0.99429800 0.94247900 0.37606400 1.39900000 1.209820 0.03995100 12679
SB7_680 0.14195100 0.62877100 0.32118900 3.56722100 1.17121100 0.670463 0.05739500 12680
SB7_681 0.38637300 0.96559000 1.59078500 0.30016400 0.71714300 2.644312 0.01651800 12681
SB7_682 0.40594300 0.71125400 0.80971800 0.53181900 0.70327500 0.282005 0.08943200 12682
SB7_683 0.27238700 0.89472900 2.41702400 1.41789200 1.69359000 1.111456 0.04917900 12683
SB7_684 0.21813100 0.92761700 3.32566500 1.10866700 1.19066400 0.471112 0.07045000 12684
SB7_685 0.45940400 0.66601200 0.61450800 0.80556700 0.99756100 1.841444 0.03062700 12685
SB7_686 0.32899200 0.80775700 1.25986900 0.46524900 0.51070900 0.792540 0.06279800 12686
SB7_687 0.19853700 0.79905600 0.38833700 2.73319000 1.64898600 3.095773 0.02360000 12687
SB7_688 0.17666200 0.95040200 2.28460200 0.63944500 0.92829200 1.582413 0.06113900 12688
SB7_689 0.34461700 0.64347200 0.85664200 1.74157500 1.28262700 0.388674 0.02025900 12689
SB7_690 0.46253000 0.88298300 1.83219100 3.03184400 1.55539300 3.765024 0.07316600 12690
SB7_691 0.20875600 0.72270800 0.27886600 0.26078900 0.53982800 0.924163 0.03291100 12691
SB7_692 0.25051200 0.65549900 0.44683000 0.39555800 0.76831600 2.276722 0.08671800 12692
SB7_693 0.42156800 0.93764300 1.09495500 2.37385300 1.09572900 0.552171 0.04689300 12693
SB7_694 0.38949900 0.78573500 0.58339400 1.33257900 1.79975000 1.354163 0.05905700 12694
SB7_695 0.13257600 0.82078500 3.50307100 0.98980200 0.65973600 0.328194 0.01985600 12695
SB7_696 0.10911900 0.75545300 1.38986000 1.67852800 0.54560600 2.473719 0.07749000 12696
SB7_697 0.36294200 0.83895800 0.36763400 0.55939600 1.53944300 0.604303 0.03641500 12697
SB7_698 0.44493800 0.68461600 3.01083000 0.34993800 1.32384300 1.040478 0.06951600 12698
SB7_699 0.27713000 0.92141700 0.65005400 3.76903200 0.89969600 0.254001 0.02906500 12699
SB7_700 0.23216300 0.85112600 0.76862600 2.46290100 0.63808900 1.722680 0.05036700 12700
SB7_701 0.48913400 0.74245600 2.65918700 0.45215000 1.86143900 0.424615 0.01073800 12701
SB7_702 0.32110000 0.98419500 0.33884300 0.73760200 1.08371300 2.898023 0.08270700 12702
SB7_703 0.15019100 0.62257000 1.44406800 1.07189900 0.77709700 0.713851 0.04370200 12703
SB7_704 0.15524800 0.99349400 0.35956200 3.18555200 0.67448800 0.541262 0.07946800 12704
SB7_705 0.32308100 0.60042500 1.36069500 0.29556800 1.76527300 2.123878 0.03913700 12705
SB7_706 0.49110900 0.87273000 0.66391000 0.66367100 1.11796100 0.321955 0.06743300 12706
SB7_707 0.23721400 0.73300500 3.07819900 1.99279300 0.75104700 1.262506 0.02647700 12707
SB7_708 0.27827400 0.68761600 2.60345000 1.26999400 0.52873500 0.380452 0.05268400 12708
SB7_709 0.44925700 0.90547200 0.75173500 0.87452100 1.59223100 1.478571 0.01372100 12709
SB7_710 0.36726700 0.77075900 1.47637200 0.38060200 1.25203000 0.905151 0.08033500 12710
SB7_711 0.11027000 0.83570900 0.34607900 2.07179800 0.94834700 3.515273 0.04074600 12711
SB7_712 0.13690000 0.78893200 0.87471300 0.30918100 0.79272600 0.492334 0.06316200 12712
SB7_713 0.39064900 0.80542700 2.33669800 3.59202100 1.05954200 1.921409 0.02294900 12713
SB7_714 0.42271200 0.67139000 0.27266900 1.46494700 1.90274800 0.828326 0.07112600 12714
SB7_715 0.25483000 0.93458900 1.79455000 0.53824600 0.62596800 3.230420 0.03028700 12715
SB7_716 0.21073000 0.89247800 1.11992900 0.83596800 0.87837700 0.699664 0.08898900 12716
SB7_717 0.46758000 0.70114800 0.45623900 1.12624200 1.35222100 2.763497 0.04990900 12717
SB7_718 0.34967400 0.97259200 3.43100600 2.81816700 1.50807100 0.294256 0.05664200 12718
SB7_719 0.17864300 0.63421700 0.57043900 0.46928000 0.55843000 1.161476 0.01693600 12719
SB7_720 0.19426800 0.81681400 1.55541600 1.68677100 1.37242400 2.375683 0.05939700 12720
SB7_721 0.32779900 0.77705800 0.31458600 0.63310300 0.86755400 0.577009 0.01918100 12721
SB7_722 0.45820500 0.94936900 2.46798700 0.25164200 0.57450300 1.413110 0.08737000 12722
SB7_723 0.21385500 0.65631800 0.82817300 2.98858300 1.46151500 0.342994 0.04652900 12723
SB7_724 0.27045600 0.71410900 0.60187300 2.29448900 1.04076200 1.653832 0.07274800 12724
SB7_725 0.40083700 0.87903000 3.25185100 0.39031100 0.80889300 0.405587 0.03366500 12725
SB7_726 0.38127400 0.64432200 0.39719800 0.96222400 0.60990300 3.934705 0.06041000 12726
SB7_727 0.14002500 0.96219600 1.28641200 1.32517500 1.94680400 0.964275 0.02070100 12727
SB7_728 0.11339500 0.61561400 3.78469400 0.55196700 1.61192600 1.797463 0.08320700 12728
SB7_729 0.35789100 0.97879500 0.53998300 1.62241900 0.52107200 0.443749 0.04287400 12729
SB7_730 0.42738100 0.74475200 1.01382100 3.74807100 0.97845100 3.024142 0.05118100 12730
SB7_731 0.29389900 0.86127700 0.48258900 0.34019300 1.21728800 0.746066 0.01022300 12731
SB7_732 0.24033800 0.91598600 0.25881000 0.44765800 1.73017700 2.585281 0.06893800 12732
SB7_733 0.48173400 0.67759200 1.97417700 2.38541100 0.68649800 0.630606 0.02997200 12733
SB7_734 0.30120600 0.84903100 0.92271600 1.05659800 0.73412900 1.087288 0.07659800 12734
SB7_735 0.17087300 0.75773200 2.12101000 0.71174300 1.14714300 0.265039 0.03700700 12735
SB7_736 0.16301400 0.66299900 1.19742300 2.10563200 1.20400200 1.314430 0.06507100 12736
SB7_737 0.30904800 0.93087400 0.40861100 0.35861100 0.98918500 0.338116 0.02603000 12737
SB7_738 0.47695700 0.79538500 3.18667200 0.87929800 0.50434200 2.209920 0.07804600 12738
SB7_739 0.24511100 0.81030500 0.64134400 1.20953700 1.66529000 0.568863 0.03837800 12739
SB7_740 0.28920600 0.96809600 0.78333900 1.83739100 1.18514600 3.694345 0.08214900 12740
SB7_741 0.43209100 0.62504500 2.49828600 0.68928900 0.71063300 0.941845 0.04174000 12741
SB7_742 0.35001900 0.89813700 0.30655300 0.27546200 0.69404400 1.552708 0.05481000 12742
SB7_743 0.12127200 0.70838200 1.66664400 3.27313500 1.71147500 0.396109 0.01377600 12743
SB7_744 0.14464300 0.86785500 2.05620400 0.48738600 1.41483000 2.859058 0.07137800 12744
SB7_745 0.37663600 0.72655500 0.99398200 2.59841700 0.59342200 0.723578 0.03221900 12745
SB7_746 0.40863600 0.99721200 1.85769100 1.15720000 0.85823200 1.699522 0.06435100 12746
SB7_747 0.26265000 0.60881900 0.26338800 0.77911400 1.38724500 0.430402 0.02456700 12747
SB7_748 0.22159400 0.76352700 0.47544400 0.50713800 1.96786900 1.015431 0.05584300 12748
SB7_749 0.45048600 0.83005300 1.07474800 1.48888000 0.60341200 0.260265 0.01555100 12749
SB7_750 0.33245500 0.69679200 0.50531500 3.42100500 0.83554800 2.414173 0.08850500 12750
SB7_751 0.18961900 0.90997200 3.87339000 0.31087500 1.00762400 0.619208 0.04758800 12751
SB7_752 0.18649400 0.73948600 0.33093600 1.39141600 0.64658200 0.302286 0.08512600 12752
SB7_753 0.34183000 0.85443700 1.47852500 0.95699400 1.84196700 1.232966 0.04596500 12753
SB7_754 0.47236100 0.61894200 0.72471000 0.41424700 1.07098200 0.508225 0.05809000 12754
SB7_755 0.20596900 0.98679800 2.82023800 2.25761300 0.78420800 2.074406 0.01830300 12755
SB7_756 0.25952500 0.84140900 2.83463600 2.90862200 0.55248800 0.842021 0.06210600 12756
SB7_757 0.41801000 0.75168400 0.69048200 0.27000900 1.52438700 3.465458 0.02181200 12757
SB7_758 0.39851100 0.92477000 1.34805500 0.60957500 1.30916400 0.353895 0.07475800 12758
SB7_759 0.12901800 0.68170100 0.37904700 1.82942900 0.90732300 1.457462 0.03383900 12759
SB7_760 0.10564800 0.94136900 0.56806600 0.76367900 0.75928600 0.773462 0.05131500 12760
SB7_761 0.37189400 0.65299300 3.59771300 1.02833500 1.10576100 3.172132 0.01227100 12761
SB7_762 0.44146600 0.82365700 0.42231300 2.58714000 1.82371700 0.459771 0.08428000 12762
SB7_763 0.28608200 0.78232700 1.15855800 0.43102900 0.65283200 1.886862 0.04461000 12763
SB7_764 0.22948600 0.64021600 1.72083400 0.33833800 0.91799400 0.278214 0.07591800 12764
SB7_765 0.49883300 0.95341500 0.29690200 3.93544700 1.29350900 1.126602 0.03550600 12765
SB7_766 0.31842300 0.72016000 2.22257500 1.59633600 1.57502200 0.661449 0.06856900 12766
SB7_767 0.15988900 0.88665400 0.88052200 0.58582600 0.53454600 2.680345 0.02753200 12767
SB7_768 0.16071800 0.92988700 1.67906500 0.28199400 1.10247400 0.985566 0.06869500 12768
SB7_769 0.31759200 0.66359300 0.30432500 3.31185800 0.76161400 3.849668 0.02770000 12769
SB7_770 0.49966100 0.81012300 2.49656800 1.91015500 0.65486900 0.414252 0.07573000 12770
SB7_771 0.22865500 0.79673500 0.78399100 0.69426400 1.81819900 1.619218 0.03536000 12771
SB7_772 0.28691200 0.62640100 0.63493000 0.91659800 1.29041400 0.350682 0.08407300 12772
SB7_773 0.44063700 0.96790800 3.21898700 1.22157000 0.92011800 1.382148 0.04452300 12773
SB7_774 0.37272400 0.70898200 0.41003600 2.16141000 0.53579900 0.589555 0.05142200 12774
SB7_775 0.10481800 0.89714400 1.19328900 0.36383800 1.57120400 2.325152 0.01249700 12775
SB7_776 0.12828700 0.72517100 3.91230700 3.45503900 1.83773400 0.270888 0.07484400 12776
SB7_777 0.39924400 0.86806400 0.50021800 0.32406200 0.64812600 1.063823 0.03404400 12777
SB7_778 0.41727900 0.60824000 1.07095500 0.51452900 0.78612200 0.644099 0.06188100 12778
SB7_779 0.26025800 0.99817800 0.47706400 1.52832000 1.06846500 2.531151 0.02170600 12779
SB7_780 0.20523600 0.83101300 0.26145200 1.17089100 1.51971100 0.762794 0.05792300 12780
SB7_781 0.47309300 0.76295500 1.87139200 0.79759000 0.55414200 2.957784 0.01817800 12781
SB7_782 0.34109700 0.91017500 0.99472200 0.49090400 0.91006800 0.453383 0.08527100 12782
SB7_783 0.18722600 0.69541400 2.05460000 2.70131700 1.30510600 1.759249 0.04615200 12783
SB7_784 0.19035100 0.85344400 0.37982900 0.60520700 0.59202700 3.594099 0.08861300 12784
SB7_785 0.33172200 0.74008600 1.34513100 1.75974000 1.41828400 0.885289 0.04781000 12785
SB7_786 0.45121800 0.98661000 0.68630300 2.87461400 1.39055800 1.510672 0.05563900 12786
SB7_787 0.22086100 0.62029800 2.85154500 0.26375400 0.85625900 0.372364 0.01546200 12787
SB7_788 0.26338300 0.75303400 2.80658900 0.40829700 0.60154200 1.290366 0.06416700 12788
SB7_789 0.40790400 0.84122800 0.72819100 2.19935300 1.97382100 0.315007 0.02442000 12789
SB7_790 0.37736900 0.68229500 1.49143000 1.37771000 1.01063900 2.169322 0.07150500 12790
SB7_791 0.14391100 0.92378300 0.32805800 0.91805000 0.83298500 0.529929 0.03238300 12791
SB7_792 0.12044300 0.65161500 0.88483300 1.55514000 0.98619200 1.187509 0.05495800 12792
SB7_793 0.35085000 0.94157300 2.21201200 0.57741100 1.20775800 0.287809 0.01396100 12793
SB7_794 0.43126200 0.78175500 0.29434200 0.32457000 1.67039700 2.823583 0.08198400 12794
SB7_795 0.29003700 0.82461600 1.73599700 3.89668100 0.50284300 0.684781 0.04161200 12795
SB7_796 0.24428000 0.95438100 1.15614000 2.48858900 0.70891000 3.301743 0.07782200 12796
SB7_797 0.47778700 0.63963700 0.42321700 0.42794000 1.18792500 0.810425 0.03826900 12797
SB7_798 0.30821700 0.88686300 3.61949000 0.74598800 1.71543500 1.962459 0.06516100 12798
SB7_799 0.16384300 0.71877600 0.56468000 1.01631100 0.69238300 0.482029 0.02623400 12799
SB7_800 0.17160600 0.60102100 0.34958600 0.37380400 0.51945100 1.426016 0.07676400 12800
SB7_801 0.30047500 0.99251000 1.46159800 2.01457800 1.61681700 0.361702 0.03713600 12801
SB7_802 0.48246700 0.73435900 0.74914600 1.26881300 1.22091700 3.392916 0.06878900 12802
SB7_803 0.23960700 0.87255100 2.61255100 0.84506000 0.97546000 0.860034 0.02978700 12803
SB7_804 0.29463100 0.90528800 3.05584600 0.66126100 0.68489200 2.028898 0.05109200 12804
SB7_805 0.42664800 0.68897600 0.66886300 1.92045300 1.73438200 0.519619 0.01001800 12805
SB7_806 0.35862300 0.83471800 1.36181900 3.12019400 1.14989500 1.206759 0.08343100 12806
SB7_807 0.11266200 0.77136100 0.35931200 0.28662800 0.73243400 0.308847 0.04298300 12807
SB7_808 0.13919400 0.80563900 0.57464400 2.71586500 0.86544200 2.622434 0.06061300 12808
SB7_809 0.38210300 0.78755000 3.40577600 0.46757600 1.37565800 0.676049 0.02079000 12809
SB7_810 0.40000600 0.93555800 0.45588500 0.81068200 1.46488200 1.103029 0.07264000 12810
SB7_811 0.27128500 0.67081500 1.12076900 1.10313500 0.57313400 0.284156 0.03344200 12811
SB7_812 0.21302600 0.70057900 1.77645500 1.42448800 0.80645400 1.845528 0.08724200 12812
SB7_813 0.45903600 0.89344100 0.27541000 0.52863200 1.04399800 0.470073 0.04636400 12813
SB7_814 0.32696900 0.63284200 2.34464900 0.29876500 1.95279400 3.104679 0.05958000 12814
SB7_815 0.19509800 0.97279800 0.87162300 3.58868000 0.60808300 0.790275 0.01932800 12815
SB7_816 0.17947400 0.77766000 1.29260000 0.99576900 1.05701800 0.387433 0.05686700 12816
SB7_817 0.34884500 0.81582300 0.39527900 1.32640900 0.79455200 1.587502 0.01704100 12817
SB7_818 0.46841100 0.65767800 3.22354200 2.35965800 0.62744200 0.921815 0.08890300 12818
SB7_819 0.20990100 0.94918500 0.60712300 0.39740900 1.89811600 3.774651 0.04970300 12819
SB7_820 0.25566000 0.87885100 0.82637100 0.25949100 1.34818700 0.556571 0.07098100 12820
SB7_821 0.42188200 0.71546300 2.47306400 3.05118400 0.88108000 2.258699 0.03010100 12821
SB7_822 0.39147900 0.96121200 0.31646500 1.75030800 0.56016700 0.331040 0.06332900 12822
SB7_823 0.13606900 0.64491800 1.54601300 0.63541100 1.50352400 1.342505 0.02307400 12823
SB7_824 0.10953700 0.97900100 2.12555800 1.07873000 1.75987700 0.605625 0.08052200 12824
SB7_825 0.36799800 0.61423900 0.92079400 0.73394300 0.67649900 2.468296 0.04089200 12825
SB7_826 0.44852300 0.86224000 1.96240300 0.44929000 0.75332700 0.254733 0.05255800 12826
SB7_827 0.27900500 0.74418300 0.26037500 2.47526500 1.11448400 1.037473 0.01355300 12827
SB7_828 0.23648200 0.67701700 0.48029300 3.75156100 1.58855500 0.421115 0.06732600 12828
SB7_829 0.49184200 0.91695600 1.01878100 0.35205300 0.53000300 1.737016 0.02625000 12829
SB7_830 0.32234900 0.75635000 0.54474300 0.56200500 0.95065100 0.708432 0.07967500 12830
SB7_831 0.15598100 0.84924300 3.75207400 1.66850000 1.24910000 2.920220 0.03922500 12831
SB7_832 0.15092500 0.76584500 0.94169600 2.08500200 1.53571100 2.117092 0.08252000 12832
SB7_833 0.32036900 0.82768300 2.17017900 0.37871400 0.54688500 0.543002 0.04355600 12833
SB7_834 0.48986800 0.69920700 0.25500300 0.86898900 0.90177700 1.259299 0.05049400 12834
SB7_835 0.23143200 0.90770000 1.91862100 1.27637000 1.32067500 0.322779 0.01090600 12835
SB7_836 0.27786200 0.86543600 1.04016100 1.98355500 1.85580600 1.490353 0.06962300 12836
SB7_837 0.44420500 0.72882400 0.49121400 0.66768300 0.64008000 0.377439 0.02929200 12837
SB7_838 0.36367400 0.99489200 3.66846700 0.29694700 0.77948000 3.545764 0.07728300 12838
SB7_839 0.10838700 0.61118500 0.53349500 3.16652000 1.08049100 0.897358 0.03632800 12839
SB7_840 0.13174400 0.96421200 0.38701800 0.47210900 1.27865100 1.925609 0.05883200 12840
SB7_841 0.39032800 0.62897400 1.26432800 2.80511700 0.93110000 0.491254 0.01975100 12841
SB7_842 0.42073700 0.89415600 0.62077000 1.11950800 0.54144300 3.239744 0.08680400 12842
SB7_843 0.25134100 0.71221300 3.29258900 0.83988100 1.55062100 0.825934 0.04709900 12843
SB7_844 0.20792700 0.66697700 2.41891600 0.53556700 1.09315400 2.740720 0.07331100 12844
SB7_845 0.46336000 0.92703900 0.80911600 1.47429100 0.77019100 0.705486 0.03309700 12845
SB7_846 0.34378700 0.79926500 1.57913500 3.61003300 0.66131200 1.152660 0.06097200 12846
SB7_847 0.17749300 0.80637300 0.32356700 0.30723000 1.79561500 0.296511 0.02013400 12847
SB7_848 0.19936800 0.64248500 3.48229500 1.31677600 0.71494400 0.581626 0.06259500 12848
SB7_849 0.32816300 0.95099600 0.58694600 0.96703700 1.17471500 2.356851 0.02351200 12849
SB7_850 0.46023600 0.72252600 1.09733700 0.39279000 1.69871200 0.345965 0.07055800 12850
SB7_851 0.21730200 0.88433300 0.44591000 2.28304100 0.70109500 1.400989 0.03085000 12851
SB7_852 0.27321700 0.93899900 0.28131400 3.00248600 0.99526800 0.404279 0.08956000 12852
SB7_853 0.40511200 0.65531100 1.81633900 0.25013400 1.19350800 1.659166 0.04934300 12853
SB7_854 0.38720300 0.82138500 0.85254600 0.63015300 1.65301100 0.961837 0.05721100 12854
SB7_855 0.14112000 0.78474200 2.29571000 1.69691800 0.50950900 3.944641 0.01637100 12855
SB7_856 0.11776100 0.83757400 1.43145700 0.70746700 0.59567400 0.440077 0.07878800 12856
SB7_857 0.36054800 0.75566200 0.34179100 1.06151900 1.99866800 1.812438 0.03982200 12857
SB7_858 0.42858000 0.92083900 2.67188300 2.39974800 1.01924500 0.740409 0.06675200 12858
SB7_859 0.29973600 0.68558100 0.76488000 0.44557900 0.82371800 3.047210 0.02716200 12859
SB7_860 0.24080600 0.74341600 0.65395000 0.34188900 0.58586200 0.632006 0.05336700 12860
SB7_861 0.48674300 0.85055300 2.99271300 3.72433500 1.43709400 2.579586 0.01303300 12861
SB7_862 0.30474300 0.62277300 0.36684900 1.61431500 1.40336400 0.265801 0.08101700 12862
SB7_863 0.17279900 0.98281700 1.39276900 0.55548100 0.84615100 1.084183 0.04005900 12863
SB7_864 0.16811900 0.89006200 2.26153300 3.28898300 0.81497000 0.335551 0.05200000 12864
SB7_865 0.30941600 0.70342000 0.90370500 0.27377100 1.03029500 1.324458 0.01159100 12865
SB7_866 0.47898000 0.97027500 1.69958400 0.68597300 1.93506700 0.564156 0.08496400 12866
SB7_867 0.24854900 0.63658600 0.28788200 1.84880400 0.61531800 2.228332 0.04393100 12867
SB7_868 0.29196300 0.79125300 0.43225000 1.20250500 0.87399900 0.944553 0.07523100 12868
SB7_869 0.43636100 0.80306000 1.18198900 0.88326700 1.35850600 3.683793 0.03618800 12869
SB7_870 0.35595500 0.67380800 0.55226600 0.36071100 1.45258100 0.396988 0.06788100 12870
SB7_871 0.12237500 0.93232000 3.54359000 2.09624200 0.57955400 1.549288 0.02821400 12871
SB7_872 0.14901700 0.69159700 1.31748100 0.31227300 0.67867100 0.729846 0.08568900 12872
SB7_873 0.37930100 0.90164000 0.37138500 3.40113300 1.75502500 2.834536 0.04539700 12873
SB7_874 0.40983000 0.77464200 2.91654000 1.48223300 1.16204400 0.433846 0.05865200 12874
SB7_875 0.26848300 0.83178000 0.70077400 0.51011600 0.72281600 1.686048 0.01773600 12875
SB7_876 0.22205400 0.98961400 0.71202900 0.77431900 0.51508700 0.259607 0.06154100 12876
SB7_877 0.45548800 0.60435700 2.74888500 1.16280900 1.63493800 1.017996 0.02238200 12877
SB7_878 0.33599700 0.86875200 0.33496900 2.61454200 1.23299500 0.617211 0.07419300 12878
SB7_879 0.19155000 0.73683900 1.52546100 0.48505000 0.96329200 2.421961 0.03440900 12879
SB7_880 0.18217500 0.91361900 0.51162400 1.82060400 1.60202400 1.236524 0.07194800 12880
SB7_881 0.33912200 0.67991300 3.99483100 0.61335000 0.52412600 0.301412 0.03165300 12881
SB7_882 0.47111200 0.84676200 0.46726300 0.27131000 0.94135400 2.078940 0.06492100 12882
SB7_883 0.20017900 0.76015000 1.04715700 2.89068400 1.26485700 0.507112 0.02400200 12883
SB7_884 0.25910800 0.61788600 1.91080100 2.27080400 1.77598100 3.439152 0.05527500 12884
SB7_885 0.41295400 0.97637900 0.26741500 0.41239200 0.66855200 0.848469 0.01611300 12885
SB7_886 0.39492600 0.74712200 2.00897400 0.95140700 0.74544700 1.445448 0.08793700 12886
SB7_887 0.12714200 0.85896000 0.97426000 1.39765600 1.12931900 0.356840 0.04815100 12887
SB7_888 0.10050000 0.71804200 0.29793900 0.58319400 1.33499500 3.164076 0.06575400 12888
SB7_889 0.37158000 0.87514900 1.64219700 1.60567100 0.89219900 0.775441 0.02534200 12889
SB7_890 0.43948600 0.64815600 0.80153200 3.95307600 0.56491900 1.880834 0.07872800 12890
SB7_891 0.28258800 0.95821800 2.54978300 0.33636900 1.48684400 0.461250 0.03769200 12891
SB7_892 0.22667400 0.81298200 3.14825200 0.43369100 1.04595500 1.136373 0.08147000 12892
SB7_893 0.49460500 0.78103900 0.62162200 2.57467400 0.80513300 0.275818 0.04242500 12893
SB7_894 0.31254200 0.94544000 1.21877300 1.02198700 0.63318700 2.701704 0.05413000 12894
SB7_895 0.15874400 0.66020100 0.41920900 0.76737100 1.87580800 0.656212 0.01446100 12895
SB7_896 0.15742700 0.82023700 1.08877400 1.28890800 0.96930500 1.856368 0.07288900 12896
SB7_897 0.31464000 0.78652500 0.46925900 0.86755900 1.22545100 0.477521 0.03322100 12897
SB7_898 0.49660900 0.94009800 3.85027500 0.38428100 1.62741000 3.121066 0.06022900 12898
SB7_899 0.22545200 0.65348000 0.50828500 2.04923000 0.51751300 0.803407 0.02118500 12899
SB7_900 0.28361400 0.72377100 0.97910300 3.20439700 0.73506100 2.608761 0.05996800 12900
SB7_901 0.43767700 0.88225800 2.08736500 0.29106400 1.14258900 0.665086 0.01893200 12901
SB7_902 0.36967600 0.64128800 0.26584500 0.67241500 1.72768900 1.096444 0.08699400 12902
SB7_903 0.10162100 0.95312000 1.84044000 1.97492500 0.68935000 0.279714 0.04658200 12903
SB7_904 0.12504000 0.62470200 2.53722000 0.82323900 0.57057800 2.018917 0.06919600 12904
SB7_905 0.39624500 0.98181600 0.77141700 1.13289300 1.47555700 0.510955 0.02941000 12905
SB7_906 0.41417300 0.74153500 1.65186600 2.79292800 1.38163000 1.200111 0.07653500 12906
SB7_907 0.25710700 0.85160300 0.30933500 0.47545800 0.85944400 0.303928 0.03737300 12907
SB7_908 0.20198500 0.91881200 0.40319300 0.30672200 0.61243600 1.434088 0.08366100 12908
SB7_909 0.47009000 0.68687600 1.21356300 3.64547800 1.94400700 0.367573 0.04274200 12909
SB7_910 0.33799900 0.83955200 0.64495000 1.44900400 1.03663200 3.409525 0.05068800 12910
SB7_911 0.18408200 0.75431900 3.16899500 0.54344300 0.80992000 0.874509 0.01039400 12911
SB7_912 0.19345700 0.99672300 0.29287900 2.32289400 1.90548600 0.428074 0.05293300 12912
SB7_913 0.33487300 0.61008700 1.74469600 0.38709900 0.62337800 1.746045 0.01314900 12913
SB7_914 0.45446400 0.86365400 0.89001500 0.96863100 0.79172100 0.719713 0.08028100 12914
SB7_915 0.22386000 0.72997200 2.19914400 1.30396600 1.06376300 2.937638 0.04112200 12915
SB7_916 0.26648100 0.69708300 3.64004200 1.70433300 1.49372000 0.596203 0.07991200 12916
SB7_917 0.41104800 0.90889600 0.56148300 0.62571800 0.56227100 2.453778 0.03899600 12917
SB7_918 0.38062000 0.76792000 1.15018300 0.25519000 0.88666700 0.250580 0.06694900 12918
SB7_919 0.14691500 0.82643800 0.42540700 2.96699600 1.34321100 1.031982 0.02665700 12919
SB7_920 0.12349600 0.79821500 0.68219100 0.44244100 1.12241700 0.547659 0.08912100 12920
SB7_921 0.35405200 0.80825200 2.86871600 2.41022200 0.75009500 2.246078 0.04945500 12921
SB7_922 0.43455300 0.66797800 0.38166200 1.04897700 0.67169700 0.325547 0.05647100 12922
SB7_923 0.29298900 0.92511000 1.33865100 0.72176800 1.76781500 1.336022 0.01742900 12923
SB7_924 0.24732800 0.89549900 1.49940700 0.54743100 1.24368900 0.393985 0.06372400 12924
SB7_925 0.48098400 0.71023600 0.32631400 1.64248700 0.95729500 1.595417 0.02269000 12925
SB7_926 0.31151600 0.96291900 2.79121500 3.68812300 0.53237000 0.936693 0.07076000 12926
SB7_927 0.16680300 0.63100000 0.73221400 0.34245500 1.57708100 3.795721 0.03035100 12927
SB7_928 0.17470100 0.74914800 0.45338100 1.86065700 1.82603200 0.766497 0.06227700 12928
SB7_929 0.30362200 0.85766500 1.12693900 0.68345400 0.65024100 3.007696 0.02131900 12929
SB7_930 0.48571500 0.61590800 0.57771300 0.27723200 0.75819500 0.455930 0.07462600 12930
SB7_931 0.24261400 0.97772200 3.38766500 3.22163200 1.11035400 1.787879 0.03429300 12931
SB7_932 0.29773400 0.84483300 2.35600500 2.12850900 1.56029800 0.269384 0.08549300 12932
SB7_933 0.42980300 0.76115100 0.86743500 0.35428400 0.53813100 1.046928 0.04590200 12933
SB7_934 0.36186700 0.91550000 1.76581800 0.89133500 0.92681400 0.640904 0.05752900 12934
SB7_935 0.11566500 0.67886300 0.27707100 1.20133200 1.28467300 2.489052 0.01856200 12935
SB7_936 0.14224500 0.94419500 0.74529200 0.50102400 1.07543300 0.348603 0.07597100 12936
SB7_937 0.38529800 0.66227700 2.62607300 1.50503900 0.78308100 1.360484 0.03513000 12937
SB7_938 0.40330700 0.81417800 0.35157600 3.39783400 0.64401600 0.586506 0.06831900 12938
SB7_939 0.27424100 0.77891500 1.45334900 0.31512700 1.84430800 2.287351 0.02810300 12939
SB7_940 0.21608100 0.64930400 1.36979100 0.48326600 1.30022300 0.990809 0.05179800 12940
SB7_941 0.46223500 0.95643600 0.35721900 2.63129100 0.91604000 3.913477 0.01209000 12941
SB7_942 0.33026300 0.71694300 3.04060100 1.13900300 0.55619300 0.416704 0.08383500 12942
SB7_943 0.19804700 0.87698000 0.67220600 0.78411100 1.51013800 1.644804 0.04475200 12943
SB7_944 0.17617300 0.67246600 1.99335600 2.95111500 0.85006500 3.355173 0.08221300 12944
SB7_945 0.34588800 0.93429700 0.25633100 0.26792300 1.39678400 0.814914 0.04137400 12945
SB7_946 0.46536000 0.79254600 2.09005400 0.61561000 1.42818000 1.995735 0.05455100 12946
SB7_947 0.20670700 0.80103400 0.93642000 1.80900500 0.58946900 0.484412 0.01433700 12947
SB7_948 0.25236600 0.97132400 0.53592000 1.39902100 0.83675200 1.167852 0.06556400 12948
SB7_949 0.41893300 0.63470700 3.81386500 0.94279500 1.00345400 0.286407 0.02585900 12949
SB7_950 0.38842300 0.88906100 0.48812300 0.41987300 1.96537200 2.778489 0.07759200 12950
SB7_951 0.13287000 0.70534800 1.00245500 2.23638100 0.60581700 0.680927 0.03851000 12951
SB7_952 0.10628900 0.87087600 3.27774700 0.33332200 0.50098100 1.269273 0.05602300 12952
SB7_953 0.36499100 0.73564400 0.59709200 3.95691400 1.68100500 0.313354 0.01506800 12953
SB7_954 0.44542800 0.98753900 1.27231300 1.58133900 1.21228300 2.135491 0.08836300 12954
SB7_955 0.27585800 0.60560200 0.40158300 0.59377600 0.97977100 0.526835 0.04803200 12955
SB7_956 0.23323800 0.77281100 0.31144100 0.75778700 0.69680900 3.651180 0.07175400 12956
SB7_957 0.48884000 0.83287800 1.57092500 1.04334700 1.70930600 0.890607 0.03216500 12957
SB7_958 0.31924600 0.69337900 0.84011800 2.55828500 1.18024300 1.535572 0.06378000 12958
SB7_959 0.15282600 0.90049300 2.43258400 0.43529200 0.71165500 0.374315 0.02481600 12959
SB7_960 0.15397700 0.68432100 0.61071100 0.70447000 0.61764800 0.258156 0.05843500 12960
SB7_961 0.32357100 0.92249000 3.34676800 1.87738200 1.92239100 1.001695 0.01798400 12961
SB7_962 0.49315800 0.75105700 0.39332200 3.34439200 1.02652600 0.614230 0.08608600 12962
SB7_963 0.23438300 0.84257000 1.24405800 0.28153000 0.82011100 2.381769 0.04501000 12963
SB7_964 0.28091000 0.98468100 1.60406300 0.36641600 0.57583000 0.733484 0.07379800 12964
SB7_965 0.44740300 0.62129900 0.31854300 2.15200700 1.45814600 2.882477 0.03479300 12965
SB7_966 0.36697200 0.85532300 2.37853100 1.23618300 1.36724900 0.436267 0.06176300 12966
SB7_967 0.11134600 0.73903600 0.82285800 0.89844000 0.87083800 1.713258 0.02213200 12967
SB7_968 0.13485000 0.88561900 0.25095800 1.52167900 0.72789200 0.949463 0.08458900 12968
SB7_969 0.39347900 0.72085100 1.94955200 0.51817800 1.15697200 3.744670 0.04433400 12969
SB7_970 0.42398300 0.95557600 0.95736900 0.31764100 1.74240200 0.399356 0.05224100 12970
SB7_971 0.25434000 0.63751300 2.13468600 3.49635000 0.68168100 1.573958 0.01136100 12971
SB7_972 0.21102500 0.78290200 3.73012300 2.65498500 0.95921100 0.333578 0.06764400 12972
SB7_973 0.46650400 0.82283500 0.52467400 0.49812300 1.24170400 1.303856 0.02844300 12973
SB7_974 0.34703800 0.65051700 1.02382300 0.79627300 1.64239800 0.561170 0.07560700 12974
SB7_975 0.18049600 0.94340300 0.49904500 1.18238600 0.51140400 2.192002 0.03578100 12975
SB7_976 0.19612200 0.70763900 2.68479000 0.26418900 1.25678300 1.117427 0.07832100 12976
SB7_977 0.32516400 0.89912200 0.76119900 2.84665000 0.94476000 0.274462 0.03806800 12977
SB7_978 0.45713000 0.62769500 1.42287400 1.79046000 0.52752100 2.658684 0.06598300 12978
SB7_979 0.21415000 0.96588100 0.34384700 0.59643900 1.59589500 0.652597 0.02510500 12979
SB7_980 0.26996600 0.81117300 0.36483800 0.93660400 1.13345500 3.215430 0.05390000 12980
SB7_981 0.40210800 0.79485500 1.40045600 1.36142500 0.74078100 0.779830 0.01470200 12981
SB7_982 0.38410500 0.92888500 0.65745200 2.20896300 0.66602200 1.912493 0.08187300 12982
SB7_983 0.13797600 0.66552200 2.97682100 0.40542300 1.78771300 0.463508 0.04205000 12983
SB7_984 0.11447100 0.91229900 1.10376900 3.85064000 1.48010500 3.493639 0.06467100 12984
SB7_985 0.35759700 0.69421700 0.44331900 0.33113100 0.56898200 0.853454 0.02422300 12985
SB7_986 0.42552700 0.82893700 3.46496700 0.57334500 0.89600600 1.469468 0.07233200 12986
SB7_987 0.29653400 0.76420000 0.58988400 1.56192700 1.32561500 0.358723 0.03125900 12987
SB7_988 0.23750800 0.60640900 0.84814900 1.00643000 1.88937600 1.216472 0.08754900 12988
SB7_989 0.48378300 0.99927700 2.30757500 0.74722200 0.63039800 0.299841 0.04854700 12989
SB7_990 0.30169600 0.72695400 0.28291300 0.42173800 0.79951100 2.046442 0.05552400 12990
SB7_991 0.16960200 0.86691600 1.80606400 2.53201800 1.05055000 0.504083 0.01589600 12991
SB7_992 0.16487100 0.96006400 2.93312500 0.85574300 1.31124700 2.726329 0.08642000 12992
SB7_993 0.30641000 0.64670000 0.69681500 1.24283000 0.90588200 0.693954 0.04749400 12993
SB7_994 0.47588400 0.87994900 1.31071100 2.02749400 0.55075400 1.145927 0.05908100 12994
SB7_995 0.24540200 0.71363200 0.37330900 0.37243200 1.52918800 0.291885 0.01952900 12995
SB7_996 0.28871900 0.65892300 0.33329900 0.28924600 1.08527300 1.937177 0.06072400 12996
SB7_997 0.43335900 0.94711000 1.53309400 3.11715300 0.77388200 0.499056 0.02035200 12997
SB7_998 0.35285200 0.77646400 0.71619300 1.95001400 0.63727900 3.256726 0.07369800 12998
SB7_999 0.11922000 0.81794700 2.73285700 0.64947900 1.86885700 0.839547 0.03270100 12999
SB7_1000 0.14571600 0.75827900 1.70865200 1.10206500 1.54502900 1.498609 0.05026500 13000
SB7_1001 0.37634500 0.84824200 0.28635000 0.81809200 0.54492200 0.383547 0.01114300 13001
SB7_1002 0.40677900 0.67513700 2.24912600 0.45924300 0.93467700 3.563290 0.08292700 13002
SB7_1003 0.26528800 0.91800500 0.90868500 2.75765600 1.27042100 0.912573 0.04317900 13003
SB7_1004 0.21876100 0.86021400 0.54896200 3.51521000 1.80692100 2.106780 0.07687900 13004
SB7_1005 0.45253900 0.74547700 3.56497500 0.30254300 0.65890000 0.534013 0.03670300 13005
SB7_1006 0.33294200 0.98097800 0.43434100 0.52668800 0.76513700 1.252210 0.06985300 13006
SB7_1007 0.18835100 0.61289600 1.17630400 1.43361300 1.09730500 0.317624 0.02905100 13007
SB7_1008 0.18522600 0.83655000 0.78895700 0.39887400 0.70416800 0.622098 0.06651100 13008
SB7_1009 0.34231700 0.77026200 2.59046500 2.34462600 1.68686900 2.564293 0.02739200 13009
SB7_1010 0.47441400 0.90350500 0.30294700 1.35413900 1.16952800 0.261480 0.07916400 13010
SB7_1011 0.20313500 0.69012400 1.61505700 0.98333800 0.72012200 1.078576 0.03941800 13011
SB7_1012 0.26216300 0.73223400 1.23904000 0.64693700 0.50593500 0.447371 0.08064000 13012
SB7_1013 0.41615300 0.87374800 0.41234500 1.72377500 1.66004700 1.822084 0.04046600 13013
SB7_1014 0.39821900 0.60309600 3.09829400 3.05416200 1.20210400 0.752109 0.05360400 13014
SB7_1015 0.13009100 0.99126400 0.63164200 0.25714300 0.99074700 3.065241 0.01280400 13015
SB7_1016 0.10359600 0.63179200 0.45946000 2.43775400 0.82915100 0.411102 0.07016200 13016
SB7_1017 0.37472700 0.97467900 1.06493400 0.45744300 1.01539800 1.667218 0.03123800 13017
SB7_1018 0.44273400 0.70158000 0.51969100 0.72729600 1.98613800 0.977488 0.06281300 13018
SB7_1019 0.28559500 0.89151200 3.93276000 1.07977800 0.59786200 3.966805 0.02326300 13019
SB7_1020 0.22977700 0.93690100 2.04171300 1.65788000 0.84292300 0.572388 0.05699000 13020
SB7_1021 0.49776000 0.66883700 0.95864200 0.56407900 1.41243900 2.343768 0.01662000 13021
SB7_1022 0.31578500 0.80434400 1.87986300 0.34765600 1.44230900 0.340211 0.08995500 13022
SB7_1023 0.16174600 0.78957700 0.27182100 3.82997100 0.58211600 1.394038 0.04895900 13023
